country,province,date,day_since100,case_cnt,death_cnt,new_hospitalization,total_hospitalization,new_icu,total_icu,new_recovered,total_recovered
brasilia,aguas_claras,2020-03-01,-123,3,0,,,,,,
brasilia,aguas_claras,2020-03-05,-119,1,0,,,,,,
brasilia,aguas_claras,2020-03-07,-117,2,0,,,,,,
brasilia,aguas_claras,2020-03-08,-116,3,0,,,,,,
brasilia,aguas_claras,2020-03-09,-115,4,0,,,,,,
brasilia,aguas_claras,2020-03-10,-114,2,0,,,,,,
brasilia,aguas_claras,2020-03-11,-113,3,0,,,,,,
brasilia,aguas_claras,2020-03-12,-112,3,0,,,,,,
brasilia,aguas_claras,2020-03-13,-111,2,0,,,,,,
brasilia,aguas_claras,2020-03-14,-110,4,0,,,,,,
brasilia,aguas_claras,2020-03-15,-109,7,0,,,,,,
brasilia,aguas_claras,2020-03-16,-108,2,0,,,,,,
brasilia,aguas_claras,2020-03-17,-107,9,0,,,,,,
brasilia,aguas_claras,2020-03-18,-106,8,0,,,,,,
brasilia,aguas_claras,2020-03-19,-105,8,1,,,,,,
brasilia,aguas_claras,2020-03-20,-104,8,1,,,,,,
brasilia,aguas_claras,2020-03-21,-103,2,0,,,,,,
brasilia,aguas_claras,2020-03-22,-102,4,0,,,,,,
brasilia,aguas_claras,2020-03-23,-101,8,0,,,,,,
brasilia,aguas_claras,2020-03-24,-100,5,0,,,,,,
brasilia,aguas_claras,2020-03-25,-99,4,0,,,,,,
brasilia,aguas_claras,2020-03-26,-98,6,0,,,,,,
brasilia,aguas_claras,2020-03-27,-97,1,0,,,,,,
brasilia,aguas_claras,2020-03-28,-96,2,0,,,,,,
brasilia,aguas_claras,2020-03-29,-95,2,0,,,,,,
brasilia,aguas_claras,2020-03-30,-94,2,1,,,,,,
brasilia,aguas_claras,2020-03-31,-93,5,0,,,,,,
brasilia,aguas_claras,2020-04-01,-92,7,0,,,,,,
brasilia,aguas_claras,2020-04-02,-91,4,0,,,,,,
brasilia,aguas_claras,2020-04-03,-90,4,0,,,,,,
brasilia,aguas_claras,2020-04-04,-89,4,0,,,,,,
brasilia,aguas_claras,2020-04-05,-88,3,0,,,,,,
brasilia,aguas_claras,2020-04-06,-87,1,1,,,,,,
brasilia,aguas_claras,2020-04-07,-86,2,0,,,,,,
brasilia,aguas_claras,2020-04-08,-85,8,0,,,,,,
brasilia,aguas_claras,2020-04-09,-84,4,0,,,,,,
brasilia,aguas_claras,2020-04-10,-83,6,0,,,,,,
brasilia,aguas_claras,2020-04-11,-82,6,0,,,,,,
brasilia,aguas_claras,2020-04-12,-81,3,0,,,,,,
brasilia,aguas_claras,2020-04-13,-80,10,0,,,,,,
brasilia,aguas_claras,2020-04-14,-79,5,0,,,,,,
brasilia,aguas_claras,2020-04-15,-78,11,0,,,,,,
brasilia,aguas_claras,2020-04-16,-77,5,0,,,,,,
brasilia,aguas_claras,2020-04-17,-76,8,0,,,,,,
brasilia,aguas_claras,2020-04-18,-75,5,0,,,,,,
brasilia,aguas_claras,2020-04-19,-74,2,0,,,,,,
brasilia,aguas_claras,2020-04-20,-73,15,0,,,,,,
brasilia,aguas_claras,2020-04-21,-72,11,0,,,,,,
brasilia,aguas_claras,2020-04-22,-71,17,0,,,,,,
brasilia,aguas_claras,2020-04-23,-70,15,0,,,,,,
brasilia,aguas_claras,2020-04-24,-69,4,0,,,,,,
brasilia,aguas_claras,2020-04-25,-68,11,0,,,,,,
brasilia,aguas_claras,2020-04-26,-67,1,0,,,,,,
brasilia,aguas_claras,2020-04-27,-66,8,0,,,,,,
brasilia,aguas_claras,2020-04-28,-65,17,0,,,,,,
brasilia,aguas_claras,2020-04-29,-64,14,0,,,,,,
brasilia,aguas_claras,2020-04-30,-63,9,0,,,,,,
brasilia,aguas_claras,2020-05-01,-62,8,0,,,,,,
brasilia,aguas_claras,2020-05-02,-61,5,0,,,,,,
brasilia,aguas_claras,2020-05-03,-60,10,0,,,,,,
brasilia,aguas_claras,2020-05-04,-59,9,0,,,,,,
brasilia,aguas_claras,2020-05-05,-58,13,2,,,,,,
brasilia,aguas_claras,2020-05-06,-57,15,0,,,,,,
brasilia,aguas_claras,2020-05-07,-56,13,0,,,,,,
brasilia,aguas_claras,2020-05-08,-55,15,0,,,,,,
brasilia,aguas_claras,2020-05-09,-54,13,1,,,,,,
brasilia,aguas_claras,2020-05-10,-53,23,0,,,,,,
brasilia,aguas_claras,2020-05-11,-52,12,0,,,,,,
brasilia,aguas_claras,2020-05-12,-51,14,0,,,,,,
brasilia,aguas_claras,2020-05-13,-50,13,0,,,,,,
brasilia,aguas_claras,2020-05-14,-49,12,0,,,,,,
brasilia,aguas_claras,2020-05-15,-48,26,1,,,,,,
brasilia,aguas_claras,2020-05-16,-47,17,0,,,,,,
brasilia,aguas_claras,2020-05-17,-46,9,0,,,,,,
brasilia,aguas_claras,2020-05-18,-45,31,1,,,,,,
brasilia,aguas_claras,2020-05-19,-44,20,0,,,,,,
brasilia,aguas_claras,2020-05-20,-43,22,1,,,,,,
brasilia,aguas_claras,2020-05-21,-42,16,0,,,,,,
brasilia,aguas_claras,2020-05-22,-41,25,0,,,,,,
brasilia,aguas_claras,2020-05-23,-40,11,0,,,,,,
brasilia,aguas_claras,2020-05-24,-39,15,0,,,,,,
brasilia,aguas_claras,2020-05-25,-38,25,1,,,,,,
brasilia,aguas_claras,2020-05-26,-37,27,2,,,,,,
brasilia,aguas_claras,2020-05-27,-36,27,1,,,,,,
brasilia,aguas_claras,2020-05-28,-35,34,1,,,,,,
brasilia,aguas_claras,2020-05-29,-34,23,0,,,,,,
brasilia,aguas_claras,2020-05-30,-33,26,0,,,,,,
brasilia,aguas_claras,2020-05-31,-32,17,2,,,,,,
brasilia,aguas_claras,2020-06-01,-31,58,0,,,,,,
brasilia,aguas_claras,2020-06-02,-30,41,1,,,,,,
brasilia,aguas_claras,2020-06-03,-29,48,0,,,,,,
brasilia,aguas_claras,2020-06-04,-28,28,0,,,,,,
brasilia,aguas_claras,2020-06-05,-27,48,0,,,,,,
brasilia,aguas_claras,2020-06-06,-26,25,1,,,,,,
brasilia,aguas_claras,2020-06-07,-25,20,0,,,,,,
brasilia,aguas_claras,2020-06-08,-24,52,1,,,,,,
brasilia,aguas_claras,2020-06-09,-23,57,0,,,,,,
brasilia,aguas_claras,2020-06-10,-22,68,1,,,,,,
brasilia,aguas_claras,2020-06-11,-21,38,1,,,,,,
brasilia,aguas_claras,2020-06-12,-20,56,1,,,,,,
brasilia,aguas_claras,2020-06-13,-19,39,0,,,,,,
brasilia,aguas_claras,2020-06-14,-18,39,0,,,,,,
brasilia,aguas_claras,2020-06-15,-17,66,1,,,,,,
brasilia,aguas_claras,2020-06-16,-16,75,1,,,,,,
brasilia,aguas_claras,2020-06-17,-15,54,0,,,,,,
brasilia,aguas_claras,2020-06-18,-14,83,1,,,,,,
brasilia,aguas_claras,2020-06-19,-13,85,2,,,,,,
brasilia,aguas_claras,2020-06-20,-12,58,2,,,,,,
brasilia,aguas_claras,2020-06-21,-11,28,0,,,,,,
brasilia,aguas_claras,2020-06-22,-10,73,0,,,,,,
brasilia,aguas_claras,2020-06-23,-9,66,0,,,,,,
brasilia,aguas_claras,2020-06-24,-8,77,1,,,,,,
brasilia,aguas_claras,2020-06-25,-7,82,0,,,,,,
brasilia,aguas_claras,2020-06-26,-6,78,1,,,,,,
brasilia,aguas_claras,2020-06-27,-5,40,0,,,,,,
brasilia,aguas_claras,2020-06-28,-4,34,1,,,,,,
brasilia,aguas_claras,2020-06-29,-3,78,0,,,,,,
brasilia,aguas_claras,2020-06-30,-2,81,1,,,,,,
brasilia,aguas_claras,2020-07-01,-1,92,0,,,,,,
brasilia,aguas_claras,2020-07-02,0,101,0,,,,,,
brasilia,aguas_claras,2020-07-03,1,101,1,,,,,,
brasilia,aguas_claras,2020-07-04,2,48,1,,,,,,
brasilia,aguas_claras,2020-07-05,3,51,2,,,,,,
brasilia,aguas_claras,2020-07-06,4,93,1,,,,,,
brasilia,aguas_claras,2020-07-07,5,89,0,,,,,,
brasilia,aguas_claras,2020-07-08,6,71,1,,,,,,
brasilia,aguas_claras,2020-07-09,7,93,2,,,,,,
brasilia,aguas_claras,2020-07-10,8,120,1,,,,,,
brasilia,aguas_claras,2020-07-11,9,64,1,,,,,,
brasilia,aguas_claras,2020-07-12,10,56,1,,,,,,
brasilia,aguas_claras,2020-07-13,11,92,0,,,,,,
brasilia,aguas_claras,2020-07-14,12,91,3,,,,,,
brasilia,aguas_claras,2020-07-15,13,117,1,,,,,,
brasilia,aguas_claras,2020-07-16,14,99,1,,,,,,
brasilia,aguas_claras,2020-07-17,15,113,2,,,,,,
brasilia,aguas_claras,2020-07-18,16,107,2,,,,,,
brasilia,aguas_claras,2020-07-19,17,52,0,,,,,,
brasilia,aguas_claras,2020-07-20,18,142,2,,,,,,
brasilia,aguas_claras,2020-07-21,19,120,1,,,,,,
brasilia,aguas_claras,2020-07-22,20,126,2,,,,,,
brasilia,aguas_claras,2020-07-23,21,129,1,,,,,,
brasilia,aguas_claras,2020-07-24,22,117,1,,,,,,
brasilia,aguas_claras,2020-07-25,23,92,1,,,,,,
brasilia,aguas_claras,2020-07-26,24,53,0,,,,,,
brasilia,aguas_claras,2020-07-27,25,149,1,,,,,,
brasilia,aguas_claras,2020-07-28,26,112,1,,,,,,
brasilia,aguas_claras,2020-07-29,27,103,1,,,,,,
brasilia,aguas_claras,2020-07-30,28,115,0,,,,,,
brasilia,aguas_claras,2020-07-31,29,122,0,,,,,,
brasilia,aguas_claras,2020-08-01,30,68,1,,,,,,
brasilia,aguas_claras,2020-08-02,31,75,2,,,,,,
brasilia,aguas_claras,2020-08-03,32,96,0,,,,,,
brasilia,aguas_claras,2020-08-04,33,98,0,,,,,,
brasilia,aguas_claras,2020-08-05,34,96,1,,,,,,
brasilia,aguas_claras,2020-08-06,35,88,1,,,,,,
brasilia,aguas_claras,2020-08-07,36,99,0,,,,,,
brasilia,aguas_claras,2020-08-08,37,80,0,,,,,,
brasilia,aguas_claras,2020-08-09,38,55,1,,,,,,
brasilia,aguas_claras,2020-08-10,39,137,1,,,,,,
brasilia,aguas_claras,2020-08-11,40,113,1,,,,,,
brasilia,aguas_claras,2020-08-12,41,127,2,,,,,,
brasilia,aguas_claras,2020-08-13,42,89,0,,,,,,
brasilia,aguas_claras,2020-08-14,43,109,1,,,,,,
brasilia,aguas_claras,2020-08-15,44,83,1,,,,,,
brasilia,aguas_claras,2020-08-16,45,44,0,,,,,,
brasilia,aguas_claras,2020-08-17,46,107,0,,,,,,
brasilia,aguas_claras,2020-08-18,47,113,1,,,,,,
brasilia,aguas_claras,2020-08-19,48,95,1,,,,,,
brasilia,aguas_claras,2020-08-20,49,73,1,,,,,,
brasilia,aguas_claras,2020-08-21,50,80,1,,,,,,
brasilia,aguas_claras,2020-08-22,51,69,0,,,,,,
brasilia,aguas_claras,2020-08-23,52,62,0,,,,,,
brasilia,aguas_claras,2020-08-24,53,74,2,,,,,,
brasilia,aguas_claras,2020-08-25,54,75,0,,,,,,
brasilia,aguas_claras,2020-08-26,55,98,0,,,,,,
brasilia,aguas_claras,2020-08-27,56,78,0,,,,,,
brasilia,aguas_claras,2020-08-28,57,82,0,,,,,,
brasilia,aguas_claras,2020-08-29,58,42,1,,,,,,
brasilia,aguas_claras,2020-08-30,59,37,0,,,,,,
brasilia,aguas_claras,2020-08-31,60,58,0,,,,,,
brasilia,aguas_claras,2020-09-01,61,91,0,,,,,,
brasilia,aguas_claras,2020-09-02,62,46,1,,,,,,
brasilia,aguas_claras,2020-09-03,63,52,0,,,,,,
brasilia,aguas_claras,2020-09-04,64,46,1,,,,,,
brasilia,aguas_claras,2020-09-05,65,45,1,,,,,,
brasilia,aguas_claras,2020-09-06,66,34,0,,,,,,
brasilia,aguas_claras,2020-09-07,67,39,0,,,,,,
brasilia,aguas_claras,2020-09-08,68,45,1,,,,,,
brasilia,aguas_claras,2020-09-09,69,44,1,,,,,,
brasilia,aguas_claras,2020-09-10,70,61,0,,,,,,
brasilia,aguas_claras,2020-09-11,71,58,0,,,,,,
brasilia,aguas_claras,2020-09-12,72,27,0,,,,,,
brasilia,aguas_claras,2020-09-13,73,33,0,,,,,,
brasilia,aguas_claras,2020-09-14,74,49,0,,,,,,
brasilia,aguas_claras,2020-09-15,75,56,1,,,,,,
brasilia,aguas_claras,2020-09-16,76,59,0,,,,,,
brasilia,aguas_claras,2020-09-17,77,52,0,,,,,,
brasilia,aguas_claras,2020-09-18,78,46,0,,,,,,
brasilia,aguas_claras,2020-09-19,79,41,1,,,,,,
brasilia,aguas_claras,2020-09-20,80,21,0,,,,,,
brasilia,aguas_claras,2020-09-21,81,49,0,,,,,,
brasilia,aguas_claras,2020-09-22,82,52,0,,,,,,
brasilia,aguas_claras,2020-09-23,83,44,2,,,,,,
brasilia,aguas_claras,2020-09-24,84,58,0,,,,,,
brasilia,aguas_claras,2020-09-25,85,42,1,,,,,,
brasilia,aguas_claras,2020-09-26,86,32,0,,,,,,
brasilia,aguas_claras,2020-09-27,87,22,1,,,,,,
brasilia,aguas_claras,2020-09-28,88,43,1,,,,,,
brasilia,aguas_claras,2020-09-29,89,36,1,,,,,,
brasilia,aguas_claras,2020-09-30,90,32,0,,,,,,
brasilia,aguas_claras,2020-10-01,91,53,0,,,,,,
brasilia,aguas_claras,2020-10-02,92,52,0,,,,,,
brasilia,aguas_claras,2020-10-03,93,35,0,,,,,,
brasilia,aguas_claras,2020-10-04,94,26,0,,,,,,
brasilia,aguas_claras,2020-10-05,95,32,0,,,,,,
brasilia,aguas_claras,2020-10-06,96,40,1,,,,,,
brasilia,aguas_claras,2020-10-07,97,56,1,,,,,,
brasilia,aguas_claras,2020-10-08,98,38,0,,,,,,
brasilia,aguas_claras,2020-10-09,99,43,0,,,,,,
brasilia,aguas_claras,2020-10-10,100,37,0,,,,,,
brasilia,aguas_claras,2020-10-11,101,25,0,,,,,,
brasilia,aguas_claras,2020-10-12,102,31,1,,,,,,
brasilia,aguas_claras,2020-10-13,103,44,0,,,,,,
brasilia,aguas_claras,2020-10-14,104,38,0,,,,,,
brasilia,aguas_claras,2020-10-15,105,62,0,,,,,,
brasilia,aguas_claras,2020-10-16,106,50,1,,,,,,
brasilia,aguas_claras,2020-10-17,107,37,0,,,,,,
brasilia,aguas_claras,2020-10-18,108,21,0,,,,,,
brasilia,aguas_claras,2020-10-19,109,37,0,,,,,,
brasilia,aguas_claras,2020-10-20,110,37,0,,,,,,
brasilia,aguas_claras,2020-10-21,111,35,0,,,,,,
brasilia,aguas_claras,2020-10-22,112,29,0,,,,,,
brasilia,aguas_claras,2020-10-23,113,31,0,,,,,,
brasilia,aguas_claras,2020-10-24,114,31,0,,,,,,
brasilia,aguas_claras,2020-10-25,115,20,0,,,,,,
brasilia,aguas_claras,2020-10-26,116,37,0,,,,,,
brasilia,aguas_claras,2020-10-27,117,29,0,,,,,,
brasilia,aguas_claras,2020-10-28,118,49,0,,,,,,
brasilia,aguas_claras,2020-10-29,119,27,0,,,,,,
brasilia,aguas_claras,2020-10-30,120,39,0,,,,,,
brasilia,aguas_claras,2020-10-31,121,31,0,,,,,,
brasilia,aguas_claras,2020-11-01,122,17,0,,,,,,
brasilia,aguas_claras,2020-11-02,123,22,0,,,,,,
brasilia,aguas_claras,2020-11-03,124,28,0,,,,,,
brasilia,aguas_claras,2020-11-04,125,42,0,,,,,,
brasilia,aguas_claras,2020-11-05,126,30,0,,,,,,
brasilia,aguas_claras,2020-11-06,127,40,0,,,,,,
brasilia,aguas_claras,2020-11-07,128,25,1,,,,,,
brasilia,aguas_claras,2020-11-08,129,24,0,,,,,,
brasilia,aguas_claras,2020-11-09,130,42,0,,,,,,
brasilia,aguas_claras,2020-11-10,131,26,1,,,,,,
brasilia,aguas_claras,2020-11-11,132,41,0,,,,,,
brasilia,aguas_claras,2020-11-12,133,39,0,,,,,,
brasilia,aguas_claras,2020-11-13,134,43,0,,,,,,
brasilia,aguas_claras,2020-11-14,135,30,1,,,,,,
brasilia,aguas_claras,2020-11-15,136,20,0,,,,,,
brasilia,aguas_claras,2020-11-16,137,51,0,,,,,,
brasilia,aguas_claras,2020-11-17,138,56,0,,,,,,
brasilia,aguas_claras,2020-11-18,139,48,0,,,,,,
brasilia,aguas_claras,2020-11-19,140,37,0,,,,,,
brasilia,aguas_claras,2020-11-20,141,61,0,,,,,,
brasilia,aguas_claras,2020-11-21,142,54,0,,,,,,
brasilia,aguas_claras,2020-11-22,143,55,1,,,,,,
brasilia,aguas_claras,2020-11-23,144,80,0,,,,,,
brasilia,aguas_claras,2020-11-24,145,71,1,,,,,,
brasilia,aguas_claras,2020-11-25,146,52,0,,,,,,
brasilia,aguas_claras,2020-11-26,147,24,0,,,,,,
brasilia,aguas_claras,2020-11-27,148,28,0,,,,,,
brasilia,aguas_claras,2020-11-28,149,51,0,,,,,,
brasilia,aguas_claras,2020-11-29,150,76,0,,,,,,
brasilia,aguas_claras,2020-11-30,151,70,0,,,,,,
brasilia,aguas_claras,2020-12-01,152,74,1,,,,,,
brasilia,aguas_claras,2020-12-02,153,65,0,,,,,,
brasilia,aguas_claras,2020-12-03,154,65,1,,,,,,
brasilia,aguas_claras,2020-12-04,155,59,0,,,,,,
brasilia,aguas_claras,2020-12-05,156,64,0,,,,,,
brasilia,aguas_claras,2020-12-06,157,47,0,,,,,,
brasilia,aguas_claras,2020-12-07,158,49,1,,,,,,
brasilia,aguas_claras,2020-12-08,159,80,0,,,,,,
brasilia,aguas_claras,2020-12-09,160,40,0,,,,,,
brasilia,aguas_claras,2020-12-10,161,52,1,,,,,,
brasilia,aguas_claras,2020-12-11,162,72,1,,,,,,
brasilia,aguas_claras,2020-12-12,163,45,0,,,,,,
brasilia,aguas_claras,2020-12-13,164,37,0,,,,,,
brasilia,aguas_claras,2020-12-14,165,56,0,,,,,,
brasilia,aguas_claras,2020-12-15,166,55,1,,,,,,
brasilia,aguas_claras,2020-12-16,167,56,0,,,,,,
brasilia,aguas_claras,2020-12-17,168,45,0,,,,,,
brasilia,aguas_claras,2020-12-18,169,48,0,,,,,,
brasilia,aguas_claras,2020-12-19,170,48,0,,,,,,
brasilia,aguas_claras,2020-12-20,171,60,1,,,,,,
brasilia,aguas_claras,2020-12-21,172,27,1,,,,,,
brasilia,aguas_claras,2020-12-22,173,31,0,,,,,,
brasilia,aguas_claras,2020-12-23,174,49,1,,,,,,
brasilia,aguas_claras,2020-12-24,175,25,0,,,,,,
brasilia,aguas_claras,2020-12-25,176,54,0,,,,,,
brasilia,aguas_claras,2020-12-26,177,44,0,,,,,,
brasilia,aguas_claras,2020-12-27,178,42,1,,,,,,
brasilia,aguas_claras,2020-12-28,179,38,0,,,,,,
brasilia,aguas_claras,2020-12-29,180,19,1,,,,,,
brasilia,aguas_claras,2020-12-30,181,49,1,,,,,,
brasilia,aguas_claras,2020-12-31,182,51,1,,,,,,
brasilia,aguas_claras,2021-01-01,183,48,0,,,,,,
brasilia,aguas_claras,2021-01-02,184,64,0,,,,,,
brasilia,aguas_claras,2021-01-03,185,56,0,,,,,,
brasilia,aguas_claras,2021-01-04,186,79,0,,,,,,
brasilia,aguas_claras,2021-01-05,187,56,2,,,,,,
brasilia,aguas_claras,2021-01-06,188,49,1,,,,,,
brasilia,aguas_claras,2021-01-07,189,39,0,,,,,,
brasilia,aguas_claras,2021-01-08,190,64,0,,,,,,
brasilia,aguas_claras,2021-01-09,191,54,0,,,,,,
brasilia,aguas_claras,2021-01-10,192,51,1,,,,,,
brasilia,aguas_claras,2021-01-11,193,44,2,,,,,,
brasilia,aguas_claras,2021-01-12,194,57,0,,,,,,
brasilia,aguas_claras,2021-01-13,195,61,0,,,,,,
brasilia,aguas_claras,2021-01-14,196,53,0,,,,,,
brasilia,aguas_claras,2021-01-15,197,58,0,,,,,,
brasilia,aguas_claras,2021-01-16,198,64,0,,,,,,
brasilia,aguas_claras,2021-01-17,199,31,0,,,,,,
brasilia,aguas_claras,2021-01-18,200,53,0,,,,,,
brasilia,aguas_claras,2021-01-19,201,57,0,,,,,,
brasilia,aguas_claras,2021-01-20,202,54,0,,,,,,
brasilia,aguas_claras,2021-01-21,203,17,0,,,,,,
brasilia,aguas_claras,2021-01-22,204,80,0,,,,,,
brasilia,aguas_claras,2021-01-23,205,35,1,,,,,,
brasilia,aguas_claras,2021-01-24,206,37,2,,,,,,
brasilia,aguas_claras,2021-01-25,207,35,1,,,,,,
brasilia,aguas_claras,2021-01-26,208,42,1,,,,,,
brasilia,aguas_claras,2021-01-27,209,31,1,,,,,,
brasilia,aguas_claras,2021-01-28,210,19,0,,,,,,
brasilia,aguas_claras,2021-01-29,211,45,1,,,,,,
brasilia,aguas_claras,2021-01-30,212,34,2,,,,,,
brasilia,aguas_claras,2021-01-31,213,32,0,,,,,,
brasilia,aguas_claras,2021-02-01,214,46,1,,,,,,
brasilia,aguas_claras,2021-02-02,215,45,0,,,,,,
brasilia,aguas_claras,2021-02-03,216,34,0,,,,,,
brasilia,aguas_claras,2021-02-04,217,27,1,,,,,,
brasilia,aguas_claras,2021-02-05,218,33,0,,,,,,
brasilia,aguas_claras,2021-02-06,219,39,1,,,,,,
brasilia,aguas_claras,2021-02-07,220,23,0,,,,,,
brasilia,aguas_claras,2021-02-08,221,40,1,,,,,,
brasilia,aguas_claras,2021-02-09,222,41,0,,,,,,
brasilia,aguas_claras,2021-02-10,223,29,0,,,,,,
brasilia,aguas_claras,2021-02-11,224,42,1,,,,,,
brasilia,aguas_claras,2021-02-12,225,34,1,,,,,,
brasilia,aguas_claras,2021-02-13,226,27,2,,,,,,
brasilia,aguas_claras,2021-02-14,227,27,0,,,,,,
brasilia,aguas_claras,2021-02-15,228,43,2,,,,,,
brasilia,aguas_claras,2021-02-16,229,41,0,,,,,,
brasilia,aguas_claras,2021-02-17,230,38,0,,,,,,
brasilia,aguas_claras,2021-02-18,231,29,0,,,,,,
brasilia,aguas_claras,2021-02-19,232,40,3,,,,,,
brasilia,aguas_claras,2021-02-20,233,39,3,,,,,,
brasilia,aguas_claras,2021-02-21,234,20,0,,,,,,
brasilia,aguas_claras,2021-02-22,235,74,1,,,,,,
brasilia,aguas_claras,2021-02-23,236,88,1,,,,,,
brasilia,aguas_claras,2021-02-24,237,73,1,,,,,,
brasilia,aguas_claras,2021-02-25,238,70,3,,,,,,
brasilia,aguas_claras,2021-02-26,239,91,4,,,,,,
brasilia,aguas_claras,2021-02-27,240,59,2,,,,,,
brasilia,aguas_claras,2021-02-28,241,56,2,,,,,,
brasilia,aguas_claras,2021-03-01,242,76,2,,,,,,
brasilia,aguas_claras,2021-03-02,243,78,1,,,,,,
brasilia,aguas_claras,2021-03-03,244,113,7,,,,,,
brasilia,aguas_claras,2021-03-04,245,102,2,,,,,,
brasilia,aguas_claras,2021-03-05,246,106,5,,,,,,
brasilia,aguas_claras,2021-03-06,247,88,0,,,,,,
brasilia,aguas_claras,2021-03-07,248,62,1,,,,,,
brasilia,aguas_claras,2021-03-08,249,105,3,,,,,,
brasilia,aguas_claras,2021-03-09,250,103,2,,,,,,
brasilia,aguas_claras,2021-03-10,251,118,3,,,,,,
brasilia,aguas_claras,2021-03-11,252,109,1,,,,,,
brasilia,aguas_claras,2021-03-12,253,111,1,,,,,,
brasilia,aguas_claras,2021-03-13,254,67,0,,,,,,
brasilia,aguas_claras,2021-03-14,255,57,4,,,,,,
brasilia,aguas_claras,2021-03-15,256,84,0,,,,,,
brasilia,aguas_claras,2021-03-16,257,94,5,,,,,,
brasilia,aguas_claras,2021-03-17,258,91,1,,,,,,
brasilia,aguas_claras,2021-03-18,259,67,2,,,,,,
brasilia,aguas_claras,2021-03-19,260,95,1,,,,,,
brasilia,aguas_claras,2021-03-20,261,72,2,,,,,,
brasilia,aguas_claras,2021-03-21,262,105,4,,,,,,
brasilia,aguas_claras,2021-03-22,263,69,0,,,,,,
brasilia,aguas_claras,2021-03-23,264,65,1,,,,,,
brasilia,aguas_claras,2021-03-24,265,74,3,,,,,,
brasilia,aguas_claras,2021-03-25,266,64,0,,,,,,
brasilia,aguas_claras,2021-03-26,267,65,1,,,,,,
brasilia,aguas_claras,2021-03-27,268,72,1,,,,,,
brasilia,aguas_claras,2021-03-28,269,35,0,,,,,,
brasilia,aguas_claras,2021-03-29,270,81,1,,,,,,
brasilia,aguas_claras,2021-03-30,271,61,0,,,,,,
brasilia,aguas_claras,2021-03-31,272,83,2,,,,,,
brasilia,aguas_claras,2021-04-01,273,62,2,,,,,,
brasilia,aguas_claras,2021-04-02,274,42,1,,,,,,
brasilia,aguas_claras,2021-04-03,275,65,2,,,,,,
brasilia,aguas_claras,2021-04-04,276,31,1,,,,,,
brasilia,aguas_claras,2021-04-05,277,59,0,,,,,,
brasilia,aguas_claras,2021-04-06,278,60,0,,,,,,
brasilia,aguas_claras,2021-04-07,279,59,0,,,,,,
brasilia,aguas_claras,2021-04-08,280,44,0,,,,,,
brasilia,aguas_claras,2021-04-09,281,61,0,,,,,,
brasilia,aguas_claras,2021-04-10,282,58,3,,,,,,
brasilia,aguas_claras,2021-04-11,283,27,0,,,,,,
brasilia,aguas_claras,2021-04-12,284,63,0,,,,,,
brasilia,aguas_claras,2021-04-13,285,55,1,,,,,,
brasilia,aguas_claras,2021-04-14,286,48,0,,,,,,
brasilia,aguas_claras,2021-04-15,287,38,1,,,,,,
brasilia,aguas_claras,2021-04-16,288,45,0,,,,,,
brasilia,aguas_claras,2021-04-17,289,44,1,,,,,,
brasilia,aguas_claras,2021-04-18,290,15,0,,,,,,
brasilia,aguas_claras,2021-04-19,291,34,0,,,,,,
brasilia,aguas_claras,2021-04-20,292,46,1,,,,,,
brasilia,aguas_claras,2021-04-21,293,30,2,,,,,,
brasilia,aguas_claras,2021-04-22,294,56,0,,,,,,
brasilia,aguas_claras,2021-04-23,295,45,2,,,,,,
brasilia,aguas_claras,2021-04-24,296,25,0,,,,,,
brasilia,aguas_claras,2021-04-25,297,18,0,,,,,,
brasilia,aguas_claras,2021-04-26,298,51,0,,,,,,
brasilia,aguas_claras,2021-04-27,299,58,0,,,,,,
brasilia,aguas_claras,2021-04-28,300,46,0,,,,,,
brasilia,aguas_claras,2021-04-29,301,21,0,,,,,,
brasilia,aguas_claras,2021-04-30,302,31,1,,,,,,
brasilia,aguas_claras,2021-05-01,303,26,2,,,,,,
brasilia,aguas_claras,2021-05-02,304,22,0,,,,,,
brasilia,aguas_claras,2021-05-03,305,40,1,,,,,,
brasilia,aguas_claras,2021-05-04,306,32,0,,,,,,
brasilia,aguas_claras,2021-05-05,307,41,0,,,,,,
brasilia,aguas_claras,2021-05-06,308,39,0,,,,,,
brasilia,aguas_claras,2021-05-07,309,54,1,,,,,,
brasilia,aguas_claras,2021-05-08,310,31,2,,,,,,
brasilia,aguas_claras,2021-05-09,311,23,2,,,,,,
brasilia,aguas_claras,2021-05-10,312,53,0,,,,,,
brasilia,aguas_claras,2021-05-11,313,45,0,,,,,,
brasilia,aguas_claras,2021-05-12,314,33,0,,,,,,
brasilia,aguas_claras,2021-05-13,315,38,1,,,,,,
brasilia,aguas_claras,2021-05-14,316,28,0,,,,,,
brasilia,aguas_claras,2021-05-15,317,40,1,,,,,,
brasilia,aguas_claras,2021-05-16,318,22,1,,,,,,
brasilia,aguas_claras,2021-05-17,319,39,0,,,,,,
brasilia,aguas_claras,2021-05-18,320,46,0,,,,,,
brasilia,aguas_claras,2021-05-19,321,38,0,,,,,,
brasilia,aguas_claras,2021-05-20,322,28,1,,,,,,
brasilia,aguas_claras,2021-05-21,323,42,3,,,,,,
brasilia,aguas_claras,2021-05-22,324,38,0,,,,,,
brasilia,aguas_claras,2021-05-23,325,21,0,,,,,,
brasilia,aguas_claras,2021-05-24,326,41,0,,,,,,
brasilia,aguas_claras,2021-05-25,327,29,0,,,,,,
brasilia,aguas_claras,2021-05-26,328,40,0,,,,,,
brasilia,aguas_claras,2021-05-27,329,38,0,,,,,,
brasilia,aguas_claras,2021-05-28,330,37,0,,,,,,
brasilia,aguas_claras,2021-05-29,331,38,1,,,,,,
brasilia,aguas_claras,2021-05-30,332,27,0,,,,,,
brasilia,aguas_claras,2021-05-31,333,43,1,,,,,,
brasilia,aguas_claras,2021-06-01,334,34,2,,,,,,
brasilia,aguas_claras,2021-06-02,335,51,0,,,,,,
brasilia,aguas_claras,2021-06-03,336,39,0,,,,,,
brasilia,aguas_claras,2021-06-04,337,54,1,,,,,,
brasilia,aguas_claras,2021-06-05,338,37,0,,,,,,
brasilia,aguas_claras,2021-06-06,339,21,1,,,,,,
brasilia,aguas_claras,2021-06-07,340,47,0,,,,,,
brasilia,aguas_claras,2021-06-08,341,62,1,,,,,,
brasilia,aguas_claras,2021-06-09,342,50,0,,,,,,
brasilia,aguas_claras,2021-06-10,343,42,0,,,,,,
brasilia,aguas_claras,2021-06-11,344,32,0,,,,,,
brasilia,aguas_claras,2021-06-12,345,27,0,,,,,,
brasilia,aguas_claras,2021-06-13,346,18,0,,,,,,
brasilia,aguas_claras,2021-06-14,347,45,0,,,,,,
brasilia,aguas_claras,2021-06-15,348,40,0,,,,,,
brasilia,aguas_claras,2021-06-16,349,45,0,,,,,,
brasilia,aguas_claras,2021-06-17,350,47,0,,,,,,
brasilia,aguas_claras,2021-06-18,351,42,0,,,,,,
brasilia,aguas_claras,2021-06-19,352,38,0,,,,,,
brasilia,aguas_claras,2021-06-20,353,24,0,,,,,,
brasilia,aguas_claras,2021-06-21,354,34,1,,,,,,
brasilia,aguas_claras,2021-06-22,355,47,0,,,,,,
brasilia,aguas_claras,2021-06-23,356,46,0,,,,,,
brasilia,aguas_claras,2021-06-24,357,37,0,,,,,,
brasilia,aguas_claras,2021-06-25,358,32,0,,,,,,
brasilia,aguas_claras,2021-06-26,359,35,0,,,,,,
brasilia,aguas_claras,2021-06-27,360,20,0,,,,,,
brasilia,aguas_claras,2021-06-28,361,53,1,,,,,,
brasilia,aguas_claras,2021-06-29,362,43,0,,,,,,
brasilia,aguas_claras,2021-06-30,363,35,0,,,,,,
brasilia,aguas_claras,2021-07-01,364,46,1,,,,,,
brasilia,aguas_claras,2021-07-02,365,34,0,,,,,,
brasilia,aguas_claras,2021-07-03,366,28,0,,,,,,
brasilia,aguas_claras,2021-07-04,367,13,0,,,,,,
brasilia,aguas_claras,2021-07-05,368,43,1,,,,,,
brasilia,aguas_claras,2021-07-06,369,33,1,,,,,,
brasilia,aguas_claras,2021-07-07,370,40,0,,,,,,
brasilia,aguas_claras,2021-07-08,371,45,0,,,,,,
brasilia,aguas_claras,2021-07-09,372,43,0,,,,,,
brasilia,aguas_claras,2021-07-10,373,36,0,,,,,,
brasilia,aguas_claras,2021-07-11,374,15,0,,,,,,
brasilia,aguas_claras,2021-07-12,375,51,0,,,,,,
brasilia,aguas_claras,2021-07-13,376,40,1,,,,,,
brasilia,aguas_claras,2021-07-14,377,33,1,,,,,,
brasilia,aguas_claras,2021-07-15,378,37,1,,,,,,
brasilia,aguas_claras,2021-07-16,379,36,0,,,,,,
brasilia,aguas_claras,2021-07-17,380,33,0,,,,,,
brasilia,aguas_claras,2021-07-18,381,22,1,,,,,,
brasilia,aguas_claras,2021-07-19,382,39,1,,,,,,
brasilia,aguas_claras,2021-07-20,383,58,0,,,,,,
brasilia,aguas_claras,2021-07-21,384,59,1,,,,,,
brasilia,aguas_claras,2021-07-22,385,43,1,,,,,,
brasilia,aguas_claras,2021-07-23,386,50,1,,,,,,
brasilia,aguas_claras,2021-07-24,387,26,1,,,,,,
brasilia,aguas_claras,2021-07-25,388,15,0,,,,,,
brasilia,aguas_claras,2021-07-26,389,29,0,,,,,,
brasilia,aguas_claras,2021-07-27,390,45,1,,,,,,
brasilia,aguas_claras,2021-07-28,391,29,0,,,,,,
brasilia,aguas_claras,2021-07-29,392,42,1,,,,,,
brasilia,aguas_claras,2021-07-30,393,41,1,,,,,,
brasilia,aguas_claras,2021-07-31,394,38,0,,,,,,
brasilia,aguas_claras,2021-08-01,395,26,0,,,,,,
brasilia,aguas_claras,2021-08-02,396,54,1,,,,,,
brasilia,aguas_claras,2021-08-03,397,41,0,,,,,,
brasilia,aguas_claras,2021-08-04,398,48,1,,,,,,
brasilia,aguas_claras,2021-08-05,399,36,0,,,,,,
brasilia,aguas_claras,2021-08-06,400,36,1,,,,,,
brasilia,aguas_claras,2021-08-07,401,27,0,,,,,,
brasilia,aguas_claras,2021-08-08,402,18,0,,,,,,
brasilia,aguas_claras,2021-08-09,403,46,2,,,,,,
brasilia,aguas_claras,2021-08-10,404,49,0,,,,,,
brasilia,aguas_claras,2021-08-11,405,55,1,,,,,,
brasilia,aguas_claras,2021-08-12,406,38,1,,,,,,
brasilia,aguas_claras,2021-08-13,407,59,1,,,,,,
brasilia,aguas_claras,2021-08-14,408,43,1,,,,,,
brasilia,aguas_claras,2021-08-15,409,29,1,,,,,,
brasilia,aguas_claras,2021-08-16,410,51,1,,,,,,
brasilia,aguas_claras,2021-08-17,411,45,1,,,,,,
brasilia,aguas_claras,2021-08-18,412,52,0,,,,,,
brasilia,aguas_claras,2021-08-19,413,48,0,,,,,,
brasilia,aguas_claras,2021-08-20,414,36,1,,,,,,
brasilia,aguas_claras,2021-08-21,415,28,0,,,,,,
brasilia,aguas_claras,2021-08-22,416,28,0,,,,,,
brasilia,aguas_claras,2021-08-23,417,33,1,,,,,,
brasilia,aguas_claras,2021-08-24,418,50,0,,,,,,
brasilia,aguas_claras,2021-08-25,419,36,0,,,,,,
brasilia,aguas_claras,2021-08-26,420,51,0,,,,,,
brasilia,aguas_claras,2021-08-27,421,45,0,,,,,,
brasilia,aguas_claras,2021-08-28,422,40,1,,,,,,
brasilia,aguas_claras,2021-08-29,423,25,0,,,,,,
brasilia,aguas_claras,2021-08-30,424,40,1,,,,,,
brasilia,aguas_claras,2021-08-31,425,41,0,,,,,,
brasilia,aguas_claras,2021-09-01,426,54,0,,,,,,
brasilia,aguas_claras,2021-09-02,427,50,0,,,,,,
brasilia,aguas_claras,2021-09-03,428,52,0,,,,,,
brasilia,aguas_claras,2021-09-04,429,26,0,,,,,,
brasilia,aguas_claras,2021-09-05,430,19,0,,,,,,
brasilia,aguas_claras,2021-09-06,431,47,0,,,,,,
brasilia,aguas_claras,2021-09-07,432,17,1,,,,,,
brasilia,aguas_claras,2021-09-08,433,47,2,,,,,,
brasilia,aguas_claras,2021-09-09,434,45,0,,,,,,
brasilia,aguas_claras,2021-09-10,435,43,0,,,,,,
brasilia,aguas_claras,2021-09-11,436,32,0,,,,,,
brasilia,aguas_claras,2021-09-12,437,25,0,,,,,,
brasilia,aguas_claras,2021-09-13,438,48,1,,,,,,
brasilia,aguas_claras,2021-09-14,439,46,0,,,,,,
brasilia,aguas_claras,2021-09-15,440,50,2,,,,,,
brasilia,aguas_claras,2021-09-16,441,51,0,,,,,,
brasilia,aguas_claras,2021-09-17,442,44,0,,,,,,
brasilia,aguas_claras,2021-09-18,443,54,0,,,,,,
brasilia,aguas_claras,2021-09-19,444,31,0,,,,,,
brasilia,aguas_claras,2021-09-20,445,66,0,,,,,,
brasilia,aguas_claras,2021-09-21,446,76,1,,,,,,
brasilia,aguas_claras,2021-09-22,447,57,0,,,,,,
brasilia,aguas_claras,2021-09-23,448,62,0,,,,,,
brasilia,aguas_claras,2021-09-24,449,83,1,,,,,,
brasilia,aguas_claras,2021-09-25,450,53,0,,,,,,
brasilia,aguas_claras,2021-09-26,451,33,0,,,,,,
brasilia,aguas_claras,2021-09-27,452,64,1,,,,,,
brasilia,aguas_claras,2021-09-28,453,66,0,,,,,,
brasilia,aguas_claras,2021-09-29,454,60,0,,,,,,
brasilia,aguas_claras,2021-09-30,455,43,0,,,,,,
brasilia,aguas_claras,2021-10-01,456,41,0,,,,,,
brasilia,aguas_claras,2021-10-02,457,34,0,,,,,,
brasilia,aguas_claras,2021-10-03,458,23,0,,,,,,
brasilia,aguas_claras,2021-10-04,459,51,0,,,,,,
brasilia,aguas_claras,2021-10-05,460,49,0,,,,,,
brasilia,aguas_claras,2021-10-06,461,38,0,,,,,,
brasilia,aguas_claras,2021-10-07,462,39,1,,,,,,
brasilia,aguas_claras,2021-10-08,463,27,0,,,,,,
brasilia,aguas_claras,2021-10-09,464,28,0,,,,,,
brasilia,aguas_claras,2021-10-10,465,18,0,,,,,,
brasilia,aguas_claras,2021-10-11,466,30,1,,,,,,
brasilia,aguas_claras,2021-10-12,467,13,1,,,,,,
brasilia,aguas_claras,2021-10-13,468,27,0,,,,,,
brasilia,aguas_claras,2021-10-14,469,19,0,,,,,,
brasilia,aguas_claras,2021-10-15,470,29,0,,,,,,
brasilia,aguas_claras,2021-10-16,471,20,0,,,,,,
brasilia,aguas_claras,2021-10-17,472,13,0,,,,,,
brasilia,aguas_claras,2021-10-18,473,16,0,,,,,,
brasilia,aguas_claras,2021-10-19,474,12,0,,,,,,
brasilia,aguas_claras,2021-10-20,475,20,0,,,,,,
brasilia,aguas_claras,2021-10-21,476,15,0,,,,,,
brasilia,aguas_claras,2021-10-22,477,14,0,,,,,,
brasilia,aguas_claras,2021-10-23,478,13,0,,,,,,
brasilia,aguas_claras,2021-10-24,479,20,0,,,,,,
brasilia,aguas_claras,2021-10-25,480,6,0,,,,,,
brasilia,aguas_claras,2021-10-26,481,6,0,,,,,,
brasilia,aguas_claras,2021-10-27,482,12,0,,,,,,
brasilia,aguas_claras,2021-10-28,483,10,0,,,,,,
brasilia,aguas_claras,2021-10-29,484,5,0,,,,,,
brasilia,aguas_claras,2021-10-30,485,7,0,,,,,,
brasilia,aguas_claras,2021-10-31,486,3,0,,,,,,
brasilia,aguas_claras,2021-11-01,487,14,0,,,,,,
brasilia,aguas_claras,2021-11-02,488,3,0,,,,,,
brasilia,aguas_claras,2021-11-03,489,9,0,,,,,,
brasilia,aguas_claras,2021-11-04,490,12,0,,,,,,
brasilia,aguas_claras,2021-11-05,491,8,0,,,,,,
brasilia,aguas_claras,2021-11-06,492,5,0,,,,,,
brasilia,aguas_claras,2021-11-07,493,7,0,,,,,,
brasilia,aguas_claras,2021-11-08,494,5,0,,,,,,
brasilia,aguas_claras,2021-11-09,495,6,0,,,,,,
brasilia,aguas_claras,2021-11-10,496,6,0,,,,,,
brasilia,aguas_claras,2021-11-11,497,3,0,,,,,,
brasilia,aguas_claras,2021-11-12,498,7,0,,,,,,
brasilia,aguas_claras,2021-11-13,499,4,0,,,,,,
brasilia,aguas_claras,2021-11-14,500,5,0,,,,,,
brasilia,aguas_claras,2021-11-15,501,5,1,,,,,,
brasilia,aguas_claras,2021-11-16,502,11,0,,,,,,
brasilia,aguas_claras,2021-11-17,503,4,0,,,,,,
brasilia,aguas_claras,2021-11-18,504,5,0,,,,,,
brasilia,aguas_claras,2021-11-19,505,6,0,,,,,,
brasilia,aguas_claras,2021-11-20,506,7,0,,,,,,
brasilia,aguas_claras,2021-11-21,507,2,0,,,,,,
brasilia,aguas_claras,2021-11-22,508,7,0,,,,,,
brasilia,aguas_claras,2021-11-23,509,4,0,,,,,,
brasilia,aguas_claras,2021-11-24,510,9,0,,,,,,
brasilia,aguas_claras,2021-11-25,511,6,0,,,,,,
brasilia,aguas_claras,2021-11-26,512,1,0,,,,,,
brasilia,aguas_claras,2021-11-27,513,4,0,,,,,,
brasilia,aguas_claras,2021-11-28,514,3,0,,,,,,
brasilia,aguas_claras,2021-11-29,515,4,0,,,,,,
brasilia,aguas_claras,2021-11-30,516,7,0,,,,,,
brasilia,aguas_claras,2021-12-01,517,7,0,,,,,,
brasilia,aguas_claras,2021-12-02,518,2,0,,,,,,
brasilia,aguas_claras,2021-12-03,519,4,0,,,,,,
brasilia,aguas_claras,2021-12-04,520,3,0,,,,,,
brasilia,aguas_claras,2021-12-06,522,1,0,,,,,,
brasilia,aguas_claras,2021-12-07,523,2,0,,,,,,
brasilia,aguas_claras,2021-12-08,524,1,0,,,,,,
brasilia,aguas_claras,2021-12-09,525,2,0,,,,,,
brasilia,aguas_claras,2021-12-11,527,1,0,,,,,,
brasilia,aguas_claras,2021-12-12,528,2,0,,,,,,
brasilia,aguas_claras,2021-12-13,529,7,0,,,,,,
brasilia,aguas_claras,2021-12-14,530,1,0,,,,,,
brasilia,aguas_claras,2021-12-15,531,1,0,,,,,,
brasilia,aguas_claras,2021-12-17,533,1,0,,,,,,
brasilia,aguas_claras,2021-12-18,534,4,0,,,,,,
brasilia,aguas_claras,2021-12-19,535,3,0,,,,,,
brasilia,aguas_claras,2021-12-20,536,2,0,,,,,,
brasilia,aguas_claras,2021-12-21,537,12,0,,,,,,
brasilia,aguas_claras,2021-12-22,538,10,0,,,,,,
brasilia,aguas_claras,2021-12-23,539,11,1,,,,,,
brasilia,aguas_claras,2021-12-24,540,9,0,,,,,,
brasilia,aguas_claras,2021-12-25,541,7,0,,,,,,
brasilia,aguas_claras,2021-12-26,542,10,0,,,,,,
brasilia,aguas_claras,2021-12-27,543,26,0,,,,,,
brasilia,aguas_claras,2021-12-28,544,21,0,,,,,,
brasilia,aguas_claras,2021-12-29,545,43,0,,,,,,
brasilia,aguas_claras,2021-12-30,546,43,0,,,,,,
brasilia,aguas_claras,2021-12-31,547,31,0,,,,,,
brasilia,aguas_claras,2022-01-01,548,39,0,,,,,,
brasilia,aguas_claras,2022-01-02,549,63,0,,,,,,
brasilia,aguas_claras,2022-01-03,550,111,0,,,,,,
brasilia,aguas_claras,2022-01-04,551,129,0,,,,,,
brasilia,aguas_claras,2022-01-05,552,254,1,,,,,,
brasilia,aguas_claras,2022-01-06,553,219,0,,,,,,
brasilia,aguas_claras,2022-01-07,554,258,0,,,,,,
brasilia,aguas_claras,2022-01-08,555,227,0,,,,,,
brasilia,aguas_claras,2022-01-09,556,147,0,,,,,,
brasilia,aguas_claras,2022-01-10,557,268,1,,,,,,
brasilia,aguas_claras,2022-01-11,558,270,0,,,,,,
brasilia,aguas_claras,2022-01-12,559,318,0,,,,,,
brasilia,aguas_claras,2022-01-13,560,301,1,,,,,,
brasilia,aguas_claras,2022-01-14,561,312,2,,,,,,
brasilia,aguas_claras,2022-01-15,562,108,0,,,,,,
brasilia,aguas_claras,2022-01-16,563,113,0,,,,,,
brasilia,aguas_claras,2022-01-17,564,291,0,,,,,,
brasilia,aguas_claras,2022-01-18,565,307,2,,,,,,
brasilia,aguas_claras,2022-01-19,566,351,1,,,,,,
brasilia,aguas_claras,2022-01-20,567,337,0,,,,,,
brasilia,aguas_claras,2022-01-21,568,341,0,,,,,,
brasilia,aguas_claras,2022-01-22,569,288,0,,,,,,
brasilia,aguas_claras,2022-01-23,570,217,0,,,,,,
brasilia,aguas_claras,2022-01-24,571,310,0,,,,,,
brasilia,aguas_claras,2022-01-25,572,344,1,,,,,,
brasilia,aguas_claras,2022-01-26,573,415,2,,,,,,
brasilia,aguas_claras,2022-01-27,574,367,0,,,,,,
brasilia,aguas_claras,2022-01-28,575,308,0,,,,,,
brasilia,aguas_claras,2022-01-29,576,275,0,,,,,,
brasilia,aguas_claras,2022-01-30,577,217,0,,,,,,
brasilia,aguas_claras,2022-01-31,578,368,0,,,,,,
brasilia,aguas_claras,2022-02-01,579,306,0,,,,,,
brasilia,aguas_claras,2022-02-02,580,320,1,,,,,,
brasilia,aguas_claras,2022-02-03,581,246,1,,,,,,
brasilia,aguas_claras,2022-02-04,582,285,1,,,,,,
brasilia,aguas_claras,2022-02-05,583,224,0,,,,,,
brasilia,aguas_claras,2022-02-06,584,138,0,,,,,,
brasilia,aguas_claras,2022-02-07,585,185,0,,,,,,
brasilia,aguas_claras,2022-02-08,586,185,0,,,,,,
brasilia,aguas_claras,2022-02-09,587,203,0,,,,,,
brasilia,aguas_claras,2022-02-10,588,158,0,,,,,,
brasilia,aguas_claras,2022-02-11,589,148,0,,,,,,
brasilia,aguas_claras,2022-02-12,590,117,0,,,,,,
brasilia,aguas_claras,2022-02-13,591,80,0,,,,,,
brasilia,aguas_claras,2022-02-14,592,95,0,,,,,,
brasilia,aguas_claras,2022-02-15,593,96,0,,,,,,
brasilia,aguas_claras,2022-02-16,594,87,0,,,,,,
brasilia,aguas_claras,2022-02-17,595,79,0,,,,,,
brasilia,aguas_claras,2022-02-18,596,91,0,,,,,,
brasilia,aguas_claras,2022-02-19,597,58,0,,,,,,
brasilia,aguas_claras,2022-02-20,598,44,0,,,,,,
brasilia,aguas_claras,2022-02-21,599,65,0,,,,,,
brasilia,aguas_claras,2022-02-22,600,60,0,,,,,,
brasilia,aguas_claras,2022-02-23,601,52,0,,,,,,
brasilia,aguas_claras,2022-02-24,602,28,0,,,,,,
brasilia,aguas_claras,2022-02-25,603,36,0,,,,,,
brasilia,aguas_claras,2022-02-26,604,27,0,,,,,,
brasilia,aguas_claras,2022-02-27,605,17,1,,,,,,
brasilia,aguas_claras,2022-02-28,606,18,0,,,,,,
brasilia,aguas_claras,2022-03-01,607,25,0,,,,,,
brasilia,aguas_claras,2022-03-02,608,21,0,,,,,,
brasilia,aguas_claras,2022-03-03,609,18,0,,,,,,
brasilia,aguas_claras,2022-03-04,610,26,0,,,,,,
brasilia,aguas_claras,2022-03-05,611,17,0,,,,,,
brasilia,aguas_claras,2022-03-06,612,14,0,,,,,,
brasilia,aguas_claras,2022-03-07,613,20,0,,,,,,
brasilia,aguas_claras,2022-03-08,614,25,0,,,,,,
brasilia,aguas_claras,2022-03-09,615,15,0,,,,,,
brasilia,aguas_claras,2022-03-10,616,12,0,,,,,,
brasilia,aguas_claras,2022-03-11,617,14,0,,,,,,
brasilia,aguas_claras,2022-03-12,618,13,0,,,,,,
brasilia,aguas_claras,2022-03-13,619,6,0,,,,,,
brasilia,aguas_claras,2022-03-14,620,15,0,,,,,,
brasilia,aguas_claras,2022-03-15,621,9,0,,,,,,
brasilia,aguas_claras,2022-03-16,622,13,0,,,,,,
brasilia,aguas_claras,2022-03-17,623,8,0,,,,,,
brasilia,aguas_claras,2022-03-18,624,4,0,,,,,,
brasilia,aguas_claras,2022-03-19,625,7,0,,,,,,
brasilia,aguas_claras,2022-03-20,626,4,0,,,,,,
brasilia,aguas_claras,2022-03-21,627,9,0,,,,,,
brasilia,aguas_claras,2022-03-22,628,6,0,,,,,,
brasilia,aguas_claras,2022-03-23,629,7,0,,,,,,
brasilia,aguas_claras,2022-03-24,630,5,0,,,,,,
brasilia,aguas_claras,2022-03-25,631,5,0,,,,,,
brasilia,aguas_claras,2022-03-26,632,1,0,,,,,,
brasilia,aguas_claras,2022-03-28,634,6,0,,,,,,
brasilia,aguas_claras,2022-03-29,635,10,0,,,,,,
brasilia,aguas_claras,2022-03-30,636,13,0,,,,,,
brasilia,aguas_claras,2022-03-31,637,9,0,,,,,,
brasilia,aguas_claras,2022-04-01,638,3,0,,,,,,
brasilia,aguas_claras,2022-04-02,639,3,0,,,,,,
brasilia,aguas_claras,2022-04-03,640,1,0,,,,,,
brasilia,aguas_claras,2022-04-04,641,9,0,,,,,,
brasilia,aguas_claras,2022-04-05,642,4,0,,,,,,
brasilia,aguas_claras,2022-04-06,643,2,0,,,,,,
brasilia,aguas_claras,2022-04-07,644,2,0,,,,,,
brasilia,aguas_claras,2022-04-08,645,2,0,,,,,,
brasilia,aguas_claras,2022-04-09,646,2,0,,,,,,
brasilia,aguas_claras,2022-04-10,647,2,0,,,,,,
brasilia,aguas_claras,2022-04-11,648,3,0,,,,,,
brasilia,aguas_claras,2022-04-12,649,7,0,,,,,,
brasilia,aguas_claras,2022-04-13,650,5,0,,,,,,
brasilia,aguas_claras,2022-04-14,651,7,0,,,,,,
brasilia,aguas_claras,2022-04-15,652,7,0,,,,,,
brasilia,aguas_claras,2022-04-16,653,2,0,,,,,,
brasilia,aguas_claras,2022-04-17,654,3,0,,,,,,
brasilia,aguas_claras,2022-04-18,655,6,0,,,,,,
brasilia,aguas_claras,2022-04-19,656,5,0,,,,,,
brasilia,aguas_claras,2022-04-20,657,3,0,,,,,,
brasilia,aguas_claras,2022-04-21,658,1,0,,,,,,
brasilia,aguas_claras,2022-04-22,659,4,0,,,,,,
brasilia,aguas_claras,2022-04-23,660,3,0,,,,,,
brasilia,aguas_claras,2022-04-24,661,7,0,,,,,,
brasilia,aguas_claras,2022-04-25,662,13,0,,,,,,
brasilia,aguas_claras,2022-04-26,663,4,0,,,,,,
brasilia,aguas_claras,2022-04-27,664,10,0,,,,,,
brasilia,aguas_claras,2022-04-28,665,4,0,,,,,,
brasilia,aguas_claras,2022-04-29,666,9,0,,,,,,
brasilia,aguas_claras,2022-04-30,667,7,0,,,,,,
brasilia,aguas_claras,2022-05-01,668,3,0,,,,,,
brasilia,aguas_claras,2022-05-02,669,9,0,,,,,,
brasilia,aguas_claras,2022-05-03,670,8,0,,,,,,
brasilia,aguas_claras,2022-05-04,671,16,0,,,,,,
brasilia,aguas_claras,2022-05-05,672,8,0,,,,,,
brasilia,aguas_claras,2022-05-06,673,5,0,,,,,,
brasilia,aguas_claras,2022-05-07,674,9,0,,,,,,
brasilia,aguas_claras,2022-05-08,675,4,0,,,,,,
brasilia,aguas_claras,2022-05-09,676,11,0,,,,,,
brasilia,aguas_claras,2022-05-10,677,16,0,,,,,,
brasilia,aguas_claras,2022-05-11,678,20,0,,,,,,
brasilia,aguas_claras,2022-05-12,679,29,0,,,,,,
brasilia,aguas_claras,2022-05-13,680,35,0,,,,,,
brasilia,aguas_claras,2022-05-14,681,15,0,,,,,,
brasilia,aguas_claras,2022-05-15,682,20,0,,,,,,
brasilia,aguas_claras,2022-05-16,683,25,0,,,,,,
brasilia,aguas_claras,2022-05-17,684,31,1,,,,,,
brasilia,aguas_claras,2022-05-18,685,32,0,,,,,,
brasilia,aguas_claras,2022-05-19,686,34,0,,,,,,
brasilia,aguas_claras,2022-05-20,687,44,0,,,,,,
brasilia,aguas_claras,2022-05-21,688,39,0,,,,,,
brasilia,aguas_claras,2022-05-22,689,49,0,,,,,,
brasilia,aguas_claras,2022-05-23,690,65,0,,,,,,
brasilia,aguas_claras,2022-05-24,691,85,0,,,,,,
brasilia,aguas_claras,2022-05-25,692,114,0,,,,,,
brasilia,aguas_claras,2022-05-26,693,152,0,,,,,,
brasilia,aguas_claras,2022-05-27,694,90,0,,,,,,
brasilia,aguas_claras,2022-05-28,695,103,0,,,,,,
brasilia,aguas_claras,2022-05-29,696,49,0,,,,,,
brasilia,aguas_claras,2022-05-30,697,211,0,,,,,,
brasilia,aguas_claras,2022-05-31,698,181,0,,,,,,
brasilia,aguas_claras,2022-06-01,699,239,0,,,,,,
brasilia,aguas_claras,2022-06-02,700,223,0,,,,,,
brasilia,aguas_claras,2022-06-03,701,281,0,,,,,,
brasilia,aguas_claras,2022-06-04,702,206,0,,,,,,
brasilia,aguas_claras,2022-06-05,703,151,0,,,,,,
brasilia,aguas_claras,2022-06-06,704,333,0,,,,,,
brasilia,aguas_claras,2022-06-07,705,347,2,,,,,,
brasilia,aguas_claras,2022-06-08,706,336,0,,,,,,
brasilia,aguas_claras,2022-06-09,707,230,0,,,,,,
brasilia,aguas_claras,2022-06-10,708,325,0,,,,,,
brasilia,aguas_claras,2022-06-11,709,174,0,,,,,,
brasilia,aguas_claras,2022-06-12,710,106,1,,,,,,
brasilia,aguas_claras,2022-06-13,711,276,0,,,,,,
brasilia,aguas_claras,2022-06-14,712,250,0,,,,,,
brasilia,aguas_claras,2022-06-15,713,279,0,,,,,,
brasilia,aguas_claras,2022-06-16,714,138,0,,,,,,
brasilia,aguas_claras,2022-06-17,715,249,1,,,,,,
brasilia,aguas_claras,2022-06-18,716,160,1,,,,,,
brasilia,aguas_claras,2022-06-19,717,116,0,,,,,,
brasilia,aguas_claras,2022-06-20,718,255,0,,,,,,
brasilia,aguas_claras,2022-06-21,719,228,0,,,,,,
brasilia,aguas_claras,2022-06-22,720,243,0,,,,,,
brasilia,aguas_claras,2022-06-23,721,188,0,,,,,,
brasilia,aguas_claras,2022-06-24,722,164,0,,,,,,
brasilia,aguas_claras,2022-06-25,723,116,0,,,,,,
brasilia,aguas_claras,2022-06-26,724,61,0,,,,,,
brasilia,aguas_claras,2022-06-27,725,156,0,,,,,,
brasilia,aguas_claras,2022-06-28,726,116,0,,,,,,
brasilia,aguas_claras,2022-06-29,727,108,0,,,,,,
brasilia,aguas_claras,2022-06-30,728,93,0,,,,,,
brasilia,aguas_claras,2022-07-01,729,81,1,,,,,,
brasilia,aguas_claras,2022-07-02,730,41,0,,,,,,
brasilia,aguas_claras,2022-07-03,731,28,0,,,,,,
brasilia,aguas_claras,2022-07-04,732,72,0,,,,,,
brasilia,aguas_claras,2022-07-05,733,69,0,,,,,,
brasilia,aguas_claras,2022-07-06,734,62,0,,,,,,
brasilia,aguas_claras,2022-07-07,735,64,0,,,,,,
brasilia,aguas_claras,2022-07-08,736,33,0,,,,,,
brasilia,aguas_claras,2022-07-09,737,37,1,,,,,,
brasilia,aguas_claras,2022-07-10,738,18,0,,,,,,
brasilia,aguas_claras,2022-07-11,739,44,0,,,,,,
brasilia,aguas_claras,2022-07-12,740,31,0,,,,,,
brasilia,aguas_claras,2022-07-13,741,24,0,,,,,,
brasilia,aguas_claras,2022-07-14,742,30,0,,,,,,
brasilia,aguas_claras,2022-07-15,743,19,0,,,,,,
brasilia,aguas_claras,2022-07-16,744,21,0,,,,,,
brasilia,aguas_claras,2022-07-17,745,15,0,,,,,,
brasilia,aguas_claras,2022-07-18,746,23,0,,,,,,
brasilia,aguas_claras,2022-07-19,747,23,0,,,,,,
brasilia,aguas_claras,2022-07-20,748,19,0,,,,,,
brasilia,aguas_claras,2022-07-21,749,12,0,,,,,,
brasilia,aguas_claras,2022-07-22,750,10,0,,,,,,
brasilia,aguas_claras,2022-07-23,751,13,0,,,,,,
brasilia,aguas_claras,2022-07-24,752,7,0,,,,,,
brasilia,aguas_claras,2022-07-25,753,7,0,,,,,,
brasilia,aguas_claras,2022-07-26,754,15,0,,,,,,
brasilia,aguas_claras,2022-07-27,755,22,0,,,,,,
brasilia,aguas_claras,2022-07-28,756,15,0,,,,,,
brasilia,aguas_claras,2022-07-29,757,14,0,,,,,,
brasilia,aguas_claras,2022-07-30,758,8,0,,,,,,
brasilia,aguas_claras,2022-07-31,759,4,0,,,,,,
brasilia,aguas_claras,2022-08-01,760,11,0,,,,,,
brasilia,aguas_claras,2022-08-02,761,5,0,,,,,,
brasilia,aguas_claras,2022-08-03,762,9,0,,,,,,
brasilia,aguas_claras,2022-08-04,763,6,0,,,,,,
brasilia,aguas_claras,2022-08-05,764,6,0,,,,,,
brasilia,aguas_claras,2022-08-06,765,6,0,,,,,,
brasilia,aguas_claras,2022-08-07,766,3,0,,,,,,
brasilia,aguas_claras,2022-08-08,767,12,0,,,,,,
brasilia,aguas_claras,2022-08-09,768,11,0,,,,,,
brasilia,aguas_claras,2022-08-10,769,12,0,,,,,,
brasilia,aguas_claras,2022-08-11,770,3,0,,,,,,
brasilia,aguas_claras,2022-08-12,771,6,0,,,,,,
brasilia,aguas_claras,2022-08-13,772,5,0,,,,,,
brasilia,aguas_claras,2022-08-14,773,2,0,,,,,,
brasilia,aguas_claras,2022-08-15,774,5,0,,,,,,
brasilia,aguas_claras,2022-08-16,775,2,0,,,,,,
brasilia,aguas_claras,2022-08-17,776,4,0,,,,,,
brasilia,aguas_claras,2022-08-18,777,3,0,,,,,,
brasilia,aguas_claras,2022-08-19,778,2,0,,,,,,
brasilia,aguas_claras,2022-08-20,779,2,0,,,,,,
brasilia,aguas_claras,2022-08-22,781,4,0,,,,,,
brasilia,aguas_claras,2022-08-23,782,1,0,,,,,,
brasilia,aguas_claras,2022-08-24,783,3,0,,,,,,
brasilia,aguas_claras,2022-08-25,784,1,0,,,,,,
brasilia,aguas_claras,2022-08-26,785,2,0,,,,,,
brasilia,aguas_claras,2022-08-27,786,1,0,,,,,,
brasilia,aguas_claras,2022-08-28,787,2,0,,,,,,
brasilia,aguas_claras,2022-08-29,788,1,0,,,,,,
brasilia,aguas_claras,2022-08-30,789,1,0,,,,,,
brasilia,aguas_claras,2022-08-31,790,4,0,,,,,,
brasilia,aguas_claras,2022-09-01,791,2,0,,,,,,
brasilia,aguas_claras,2022-09-02,792,1,0,,,,,,
brasilia,aguas_claras,2022-09-04,794,1,0,,,,,,
brasilia,aguas_claras,2022-09-06,796,1,0,,,,,,
brasilia,aguas_claras,2022-09-07,797,1,0,,,,,,
brasilia,aguas_claras,2022-09-08,798,4,0,,,,,,
brasilia,aguas_claras,2022-09-09,799,1,0,,,,,,
brasilia,aguas_claras,2022-09-10,800,2,0,,,,,,
brasilia,aguas_claras,2022-09-12,802,2,0,,,,,,
brasilia,aguas_claras,2022-09-13,803,1,0,,,,,,
brasilia,aguas_claras,2022-09-14,804,2,0,,,,,,
brasilia,aguas_claras,2022-09-15,805,1,0,,,,,,
brasilia,aguas_claras,2022-09-16,806,1,0,,,,,,
brasilia,aguas_claras,2022-09-19,809,2,0,,,,,,
brasilia,aguas_claras,2022-09-20,810,3,0,,,,,,
brasilia,aguas_claras,2022-09-21,811,1,0,,,,,,
brasilia,aguas_claras,2022-09-22,812,1,0,,,,,,
brasilia,aguas_claras,2022-09-23,813,1,0,,,,,,
brasilia,aguas_claras,2022-10-04,824,3,0,,,,,,
brasilia,aguas_claras,2022-10-05,825,4,0,,,,,,
brasilia,aguas_claras,2022-10-07,827,3,0,,,,,,
brasilia,aguas_claras,2022-10-11,831,1,0,,,,,,
brasilia,aguas_claras,2022-10-12,832,1,0,,,,,,
brasilia,aguas_claras,2022-10-14,834,1,0,,,,,,
brasilia,aguas_claras,2022-10-15,835,1,0,,,,,,
brasilia,aguas_claras,2022-10-16,836,1,0,,,,,,
brasilia,aguas_claras,2022-10-17,837,1,0,,,,,,
brasilia,aguas_claras,2022-10-18,838,3,0,,,,,,
brasilia,aguas_claras,2022-10-19,839,2,0,,,,,,
brasilia,aguas_claras,2022-10-20,840,2,0,,,,,,
brasilia,aguas_claras,2022-10-21,841,2,0,,,,,,
brasilia,aguas_claras,2022-10-22,842,2,0,,,,,,
brasilia,aguas_claras,2022-10-24,844,2,0,,,,,,
brasilia,aguas_claras,2022-10-25,845,1,0,,,,,,
brasilia,aguas_claras,2022-10-26,846,6,0,,,,,,
brasilia,aguas_claras,2022-10-27,847,2,0,,,,,,
brasilia,aguas_claras,2022-10-28,848,3,0,,,,,,
brasilia,aguas_claras,2022-10-29,849,4,0,,,,,,
brasilia,aguas_claras,2022-10-31,851,3,0,,,,,,
brasilia,aguas_claras,2022-11-01,852,8,0,,,,,,
brasilia,aguas_claras,2022-11-02,853,5,0,,,,,,
brasilia,aguas_claras,2022-11-03,854,4,0,,,,,,
brasilia,aguas_claras,2022-11-04,855,4,0,,,,,,
brasilia,aguas_claras,2022-11-05,856,3,0,,,,,,
brasilia,aguas_claras,2022-11-06,857,2,0,,,,,,
brasilia,aguas_claras,2022-11-07,858,14,0,,,,,,
brasilia,aguas_claras,2022-11-08,859,16,0,,,,,,
brasilia,aguas_claras,2022-11-09,860,16,0,,,,,,
brasilia,aguas_claras,2022-11-10,861,11,0,,,,,,
brasilia,aguas_claras,2022-11-11,862,10,0,,,,,,
brasilia,aguas_claras,2022-11-12,863,11,0,,,,,,
brasilia,aguas_claras,2022-11-13,864,15,0,,,,,,
brasilia,aguas_claras,2022-11-14,865,16,0,,,,,,
brasilia,aguas_claras,2022-11-15,866,13,0,,,,,,
brasilia,aguas_claras,2022-11-16,867,35,0,,,,,,
brasilia,aguas_claras,2022-11-17,868,42,0,,,,,,
brasilia,aguas_claras,2022-11-18,869,50,0,,,,,,
brasilia,aguas_claras,2022-11-19,870,30,0,,,,,,
brasilia,aguas_claras,2022-11-20,871,24,0,,,,,,
brasilia,aguas_claras,2022-11-21,872,75,0,,,,,,
brasilia,aguas_claras,2022-11-22,873,64,0,,,,,,
brasilia,aguas_claras,2022-11-23,874,67,0,,,,,,
brasilia,aguas_claras,2022-11-24,875,53,0,,,,,,
brasilia,aguas_claras,2022-11-25,876,46,0,,,,,,
brasilia,aguas_claras,2022-11-26,877,45,0,,,,,,
brasilia,aguas_claras,2022-11-27,878,35,0,,,,,,
brasilia,aguas_claras,2022-11-28,879,66,0,,,,,,
brasilia,aguas_claras,2022-11-29,880,71,0,,,,,,
brasilia,aguas_claras,2022-11-30,881,60,0,,,,,,
brasilia,aguas_claras,2022-12-01,882,86,0,,,,,,
brasilia,aguas_claras,2022-12-02,883,75,0,,,,,,
brasilia,aguas_claras,2022-12-03,884,52,0,,,,,,
brasilia,aguas_claras,2022-12-04,885,29,0,,,,,,
brasilia,aguas_claras,2022-12-05,886,79,0,,,,,,
brasilia,aguas_claras,2022-12-06,887,82,0,,,,,,
brasilia,aguas_claras,2022-12-07,888,70,0,,,,,,
brasilia,aguas_claras,2022-12-08,889,70,0,,,,,,
brasilia,aguas_claras,2022-12-09,890,59,0,,,,,,
brasilia,aguas_claras,2022-12-10,891,65,0,,,,,,
brasilia,aguas_claras,2022-12-11,892,34,0,,,,,,
brasilia,aguas_claras,2022-12-12,893,96,1,,,,,,
brasilia,aguas_claras,2022-12-13,894,82,0,,,,,,
brasilia,aguas_claras,2022-12-14,895,69,0,,,,,,
brasilia,aguas_claras,2022-12-15,896,64,0,,,,,,
brasilia,aguas_claras,2022-12-16,897,49,0,,,,,,
brasilia,aguas_claras,2022-12-17,898,22,1,,,,,,
brasilia,aguas_claras,2022-12-18,899,33,0,,,,,,
brasilia,aguas_claras,2022-12-19,900,54,0,,,,,,
brasilia,aguas_claras,2022-12-20,901,46,0,,,,,,
brasilia,aguas_claras,2022-12-21,902,40,0,,,,,,
brasilia,aguas_claras,2022-12-22,903,26,0,,,,,,
brasilia,aguas_claras,2022-12-23,904,34,0,,,,,,
brasilia,aguas_claras,2022-12-24,905,24,0,,,,,,
brasilia,aguas_claras,2022-12-25,906,9,0,,,,,,
brasilia,aguas_claras,2022-12-26,907,13,0,,,,,,
brasilia,aguas_claras,2022-12-27,908,18,0,,,,,,
brasilia,aguas_claras,2022-12-28,909,25,0,,,,,,
brasilia,aguas_claras,2022-12-29,910,29,0,,,,,,
brasilia,aguas_claras,2022-12-30,911,23,0,,,,,,
brasilia,aguas_claras,2022-12-31,912,12,0,,,,,,
brasilia,aguas_claras,2023-01-01,913,8,0,,,,,,
brasilia,aguas_claras,2023-01-02,914,26,0,,,,,,
brasilia,aguas_claras,2023-01-03,915,11,0,,,,,,
brasilia,aguas_claras,2023-01-04,916,13,0,,,,,,
brasilia,aguas_claras,2023-01-05,917,13,0,,,,,,
brasilia,aguas_claras,2023-01-06,918,5,0,,,,,,
brasilia,aguas_claras,2023-01-07,919,8,0,,,,,,
brasilia,aguas_claras,2023-01-08,920,6,0,,,,,,
brasilia,aguas_claras,2023-01-09,921,11,0,,,,,,
brasilia,aguas_claras,2023-01-10,922,6,0,,,,,,
brasilia,aguas_claras,2023-01-11,923,10,0,,,,,,
brasilia,aguas_claras,2023-01-12,924,8,0,,,,,,
brasilia,aguas_claras,2023-01-13,925,8,0,,,,,,
brasilia,aguas_claras,2023-01-15,927,1,0,,,,,,
brasilia,aguas_claras,2023-01-16,928,3,0,,,,,,
brasilia,aguas_claras,2023-01-17,929,7,0,,,,,,
brasilia,aguas_claras,2023-01-18,930,7,0,,,,,,
brasilia,aguas_claras,2023-01-19,931,3,0,,,,,,
brasilia,aguas_claras,2023-01-20,932,3,0,,,,,,
brasilia,aguas_claras,2023-01-22,934,1,0,,,,,,
brasilia,aguas_claras,2023-01-23,935,2,0,,,,,,
brasilia,aguas_claras,2023-01-24,936,1,0,,,,,,
brasilia,aguas_claras,2023-01-25,937,7,0,,,,,,
brasilia,aguas_claras,2023-01-26,938,2,0,,,,,,
brasilia,aguas_claras,2023-01-27,939,4,0,,,,,,
brasilia,aguas_claras,2023-01-29,941,2,0,,,,,,
brasilia,aguas_claras,2023-01-30,942,7,0,,,,,,
brasilia,aguas_claras,2023-01-31,943,6,0,,,,,,
brasilia,aguas_claras,2023-02-01,944,2,0,,,,,,
brasilia,aguas_claras,2023-02-02,945,3,0,,,,,,
brasilia,aguas_claras,2023-02-03,946,5,0,,,,,,
brasilia,aguas_claras,2023-02-04,947,2,0,,,,,,
brasilia,aguas_claras,2023-02-05,948,1,0,,,,,,
brasilia,aguas_claras,2023-02-06,949,1,0,,,,,,
brasilia,aguas_claras,2023-02-07,950,8,0,,,,,,
brasilia,aguas_claras,2023-02-08,951,2,0,,,,,,
brasilia,aguas_claras,2023-02-09,952,1,0,,,,,,
brasilia,aguas_claras,2023-02-10,953,8,0,,,,,,
brasilia,aguas_claras,2023-02-11,954,1,0,,,,,,
brasilia,aguas_claras,2023-02-13,956,3,0,,,,,,
brasilia,aguas_claras,2023-02-14,957,7,0,,,,,,
brasilia,aguas_claras,2023-02-15,958,4,0,,,,,,
brasilia,aguas_claras,2023-02-16,959,1,0,,,,,,
brasilia,aguas_claras,2023-02-19,962,1,0,,,,,,
brasilia,aguas_claras,2023-02-20,963,1,0,,,,,,
brasilia,aguas_claras,2023-02-22,965,1,0,,,,,,
brasilia,aguas_claras,2023-02-23,966,6,0,,,,,,
brasilia,aguas_claras,2023-02-24,967,5,0,,,,,,
brasilia,aguas_claras,2023-02-25,968,6,0,,,,,,
brasilia,aguas_claras,2023-02-26,969,4,0,,,,,,
brasilia,aguas_claras,2023-02-27,970,7,0,,,,,,
brasilia,aguas_claras,2023-02-28,971,6,0,,,,,,
brasilia,aguas_claras,2023-03-01,972,4,0,,,,,,
brasilia,aguas_claras,2023-03-02,973,2,0,,,,,,
brasilia,aguas_claras,2023-03-03,974,3,0,,,,,,
brasilia,aguas_claras,2023-03-04,975,6,0,,,,,,
brasilia,aguas_claras,2023-03-05,976,4,0,,,,,,
brasilia,aguas_claras,2023-03-06,977,7,0,,,,,,
brasilia,aguas_claras,2023-03-07,978,7,0,,,,,,
brasilia,aguas_claras,2023-03-08,979,8,0,,,,,,
brasilia,aguas_claras,2023-03-09,980,6,0,,,,,,
brasilia,aguas_claras,2023-03-10,981,5,0,,,,,,
brasilia,aguas_claras,2023-03-12,983,3,0,,,,,,
brasilia,aguas_claras,2023-03-13,984,4,0,,,,,,
brasilia,aguas_claras,2023-03-14,985,7,0,,,,,,
brasilia,aguas_claras,2023-03-15,986,6,0,,,,,,
brasilia,aguas_claras,2023-03-16,987,5,0,,,,,,
brasilia,aguas_claras,2023-03-17,988,1,0,,,,,,
brasilia,aguas_claras,2023-03-18,989,7,0,,,,,,
brasilia,aguas_claras,2023-03-19,990,2,0,,,,,,
brasilia,aguas_claras,2023-03-20,991,6,0,,,,,,
brasilia,aguas_claras,2023-03-21,992,5,0,,,,,,
brasilia,aguas_claras,2023-03-22,993,6,0,,,,,,
brasilia,aguas_claras,2023-03-23,994,7,0,,,,,,
brasilia,aguas_claras,2023-03-24,995,6,0,,,,,,
brasilia,aguas_claras,2023-03-25,996,6,0,,,,,,
brasilia,aguas_claras,2023-03-26,997,2,0,,,,,,
brasilia,aguas_claras,2023-03-27,998,8,0,,,,,,
brasilia,aguas_claras,2023-03-28,999,7,0,,,,,,
brasilia,aguas_claras,2023-03-29,1000,6,0,,,,,,
brasilia,aguas_claras,2023-03-30,1001,5,0,,,,,,
brasilia,aguas_claras,2023-03-31,1002,13,0,,,,,,
brasilia,aguas_claras,2023-04-01,1003,5,0,,,,,,
brasilia,aguas_claras,2023-04-02,1004,2,0,,,,,,
brasilia,aguas_claras,2023-04-03,1005,9,0,,,,,,
brasilia,aguas_claras,2023-04-04,1006,6,0,,,,,,
brasilia,aguas_claras,2023-04-05,1007,9,0,,,,,,
brasilia,aguas_claras,2023-04-06,1008,9,0,,,,,,
brasilia,aguas_claras,2023-04-07,1009,1,0,,,,,,
brasilia,aguas_claras,2023-04-09,1011,1,0,,,,,,
brasilia,aguas_claras,2023-04-10,1012,8,0,,,,,,
brasilia,aguas_claras,2023-04-11,1013,8,0,,,,,,
brasilia,aguas_claras,2023-04-12,1014,8,0,,,,,,
brasilia,aguas_claras,2023-04-13,1015,11,0,,,,,,
brasilia,aguas_claras,2023-04-14,1016,3,0,,,,,,
brasilia,aguas_claras,2023-04-15,1017,3,0,,,,,,
brasilia,aguas_claras,2023-04-16,1018,4,0,,,,,,
brasilia,aguas_claras,2023-04-17,1019,11,0,,,,,,
brasilia,aguas_claras,2023-04-18,1020,9,0,,,,,,
brasilia,aguas_claras,2023-04-19,1021,5,0,,,,,,
brasilia,aguas_claras,2023-04-20,1022,6,0,,,,,,
brasilia,aguas_claras,2023-04-21,1023,2,0,,,,,,
brasilia,aguas_claras,2023-04-23,1025,3,0,,,,,,
brasilia,aguas_claras,2023-04-24,1026,6,0,,,,,,
brasilia,aguas_claras,2023-04-25,1027,10,0,,,,,,
brasilia,aguas_claras,2023-04-26,1028,15,0,,,,,,
brasilia,aguas_claras,2023-04-27,1029,5,0,,,,,,
brasilia,aguas_claras,2023-04-28,1030,5,0,,,,,,
brasilia,aguas_claras,2023-04-29,1031,3,0,,,,,,
brasilia,aguas_claras,2023-04-30,1032,3,0,,,,,,
brasilia,aguas_claras,2023-05-01,1033,3,0,,,,,,
brasilia,aguas_claras,2023-05-02,1034,12,0,,,,,,
brasilia,aguas_claras,2023-05-03,1035,12,0,,,,,,
brasilia,aguas_claras,2023-05-04,1036,4,0,,,,,,
brasilia,aguas_claras,2023-05-05,1037,6,0,,,,,,
brasilia,aguas_claras,2023-05-06,1038,6,0,,,,,,
brasilia,aguas_claras,2023-05-07,1039,3,0,,,,,,
brasilia,aguas_claras,2023-05-08,1040,9,0,,,,,,
brasilia,aguas_claras,2023-05-09,1041,7,0,,,,,,
brasilia,aguas_claras,2023-05-10,1042,6,0,,,,,,
brasilia,aguas_claras,2023-05-11,1043,4,0,,,,,,
brasilia,aguas_claras,2023-05-12,1044,5,0,,,,,,
brasilia,aguas_claras,2023-05-13,1045,11,0,,,,,,
brasilia,aguas_claras,2023-05-14,1046,2,0,,,,,,
brasilia,aguas_claras,2023-05-15,1047,3,0,,,,,,
brasilia,aguas_claras,2023-05-16,1048,3,0,,,,,,
brasilia,aguas_claras,2023-05-17,1049,2,0,,,,,,
brasilia,aguas_claras,2023-05-18,1050,6,0,,,,,,
brasilia,aguas_claras,2023-05-19,1051,8,0,,,,,,
brasilia,aguas_claras,2023-05-20,1052,3,0,,,,,,
brasilia,aguas_claras,2023-05-21,1053,2,0,,,,,,
brasilia,aguas_claras,2023-05-22,1054,6,0,,,,,,
brasilia,aguas_claras,2023-05-23,1055,4,0,,,,,,
brasilia,aguas_claras,2023-05-24,1056,6,0,,,,,,
brasilia,aguas_claras,2023-05-25,1057,9,0,,,,,,
brasilia,aguas_claras,2023-05-26,1058,6,0,,,,,,
brasilia,aguas_claras,2023-05-27,1059,5,0,,,,,,
brasilia,aguas_claras,2023-05-29,1061,5,0,,,,,,
brasilia,aguas_claras,2023-05-30,1062,6,0,,,,,,
brasilia,aguas_claras,2023-05-31,1063,4,0,,,,,,
brasilia,aguas_claras,2023-06-01,1064,4,0,,,,,,
brasilia,aguas_claras,2023-06-02,1065,8,0,,,,,,
brasilia,aguas_claras,2023-06-03,1066,4,0,,,,,,
brasilia,aguas_claras,2023-06-04,1067,2,0,,,,,,
brasilia,aguas_claras,2023-06-05,1068,2,0,,,,,,
brasilia,aguas_claras,2023-06-06,1069,1,0,,,,,,
brasilia,aguas_claras,2023-06-07,1070,4,0,,,,,,
brasilia,aguas_claras,2023-06-08,1071,1,0,,,,,,
brasilia,aguas_claras,2023-06-09,1072,2,0,,,,,,
brasilia,aguas_claras,2023-06-10,1073,1,0,,,,,,
brasilia,aguas_claras,2023-06-11,1074,1,0,,,,,,
brasilia,aguas_claras,2023-06-12,1075,2,0,,,,,,
brasilia,aguas_claras,2023-06-13,1076,1,0,,,,,,
brasilia,aguas_claras,2023-06-14,1077,5,0,,,,,,
brasilia,aguas_claras,2023-06-15,1078,5,0,,,,,,
brasilia,aguas_claras,2023-06-16,1079,1,0,,,,,,
brasilia,aguas_claras,2023-06-17,1080,2,0,,,,,,
brasilia,aguas_claras,2023-06-19,1082,1,0,,,,,,
brasilia,aguas_claras,2023-06-20,1083,1,0,,,,,,
brasilia,aguas_claras,2023-06-22,1085,1,0,,,,,,
brasilia,aguas_claras,2023-06-23,1086,2,0,,,,,,
brasilia,aguas_claras,2023-06-26,1089,2,0,,,,,,
brasilia,aguas_claras,2023-06-27,1090,2,0,,,,,,
brasilia,aguas_claras,2023-06-28,1091,2,0,,,,,,
brasilia,aguas_claras,2023-06-29,1092,2,0,,,,,,
brasilia,aguas_claras,2023-07-01,1094,1,0,,,,,,
brasilia,aguas_claras,2023-07-03,1096,1,0,,,,,,
brasilia,aguas_claras,2023-07-04,1097,5,0,,,,,,
brasilia,aguas_claras,2023-07-05,1098,1,0,,,,,,
brasilia,aguas_claras,2023-07-07,1100,1,0,,,,,,
brasilia,aguas_claras,2023-07-08,1101,1,0,,,,,,
brasilia,aguas_claras,2023-07-09,1102,1,0,,,,,,
brasilia,aguas_claras,2023-07-10,1103,3,0,,,,,,
brasilia,aguas_claras,2023-07-12,1105,2,0,,,,,,
brasilia,aguas_claras,2023-07-13,1106,2,0,,,,,,
brasilia,aguas_claras,2023-07-14,1107,3,0,,,,,,
brasilia,aguas_claras,2023-07-16,1109,2,0,,,,,,
brasilia,aguas_claras,2023-07-17,1110,4,0,,,,,,
brasilia,aguas_claras,2023-07-18,1111,2,0,,,,,,
brasilia,aguas_claras,2023-07-19,1112,5,0,,,,,,
brasilia,aguas_claras,2023-07-20,1113,1,0,,,,,,
brasilia,aguas_claras,2023-07-22,1115,1,0,,,,,,
brasilia,aguas_claras,2023-07-25,1118,1,0,,,,,,
brasilia,aguas_claras,2023-07-27,1120,1,0,,,,,,
brasilia,aguas_claras,2023-07-29,1122,2,0,,,,,,
brasilia,aguas_claras,2023-07-30,1123,1,0,,,,,,
brasilia,aguas_claras,2023-07-31,1124,2,0,,,,,,
brasilia,aguas_claras,2023-08-02,1126,3,0,,,,,,
brasilia,aguas_claras,2023-08-03,1127,1,0,,,,,,
brasilia,aguas_claras,2023-08-04,1128,2,0,,,,,,
brasilia,aguas_claras,2023-08-05,1129,2,0,,,,,,
brasilia,aguas_claras,2023-08-06,1130,1,0,,,,,,
brasilia,aguas_claras,2023-08-07,1131,2,0,,,,,,
brasilia,aguas_claras,2023-08-08,1132,1,0,,,,,,
brasilia,aguas_claras,2023-08-09,1133,2,0,,,,,,
brasilia,aguas_claras,2023-08-10,1134,2,0,,,,,,
brasilia,aguas_claras,2023-08-11,1135,2,0,,,,,,
brasilia,aguas_claras,2023-08-12,1136,2,0,,,,,,
brasilia,aguas_claras,2023-08-14,1138,4,0,,,,,,
brasilia,aguas_claras,2023-08-17,1141,1,0,,,,,,
brasilia,aguas_claras,2023-08-19,1143,2,1,,,,,,
brasilia,aguas_claras,2023-08-20,1144,1,0,,,,,,
brasilia,aguas_claras,2023-08-21,1145,5,0,,,,,,
brasilia,aguas_claras,2023-08-22,1146,3,0,,,,,,
brasilia,aguas_claras,2023-08-23,1147,2,0,,,,,,
brasilia,aguas_claras,2023-08-24,1148,6,0,,,,,,
brasilia,aguas_claras,2023-08-25,1149,3,0,,,,,,
brasilia,aguas_claras,2023-08-26,1150,4,0,,,,,,
brasilia,aguas_claras,2023-08-27,1151,4,0,,,,,,
brasilia,aguas_claras,2023-08-28,1152,12,0,,,,,,
brasilia,aguas_claras,2023-08-29,1153,6,0,,,,,,
brasilia,aguas_claras,2023-08-30,1154,9,0,,,,,,
brasilia,aguas_claras,2023-08-31,1155,8,0,,,,,,
brasilia,aguas_claras,2023-09-01,1156,12,0,,,,,,
brasilia,aguas_claras,2023-09-02,1157,5,0,,,,,,
brasilia,aguas_claras,2023-09-03,1158,5,0,,,,,,
brasilia,aguas_claras,2023-09-04,1159,8,0,,,,,,
brasilia,aguas_claras,2023-09-05,1160,14,0,,,,,,
brasilia,aguas_claras,2023-09-06,1161,6,0,,,,,,
brasilia,aguas_claras,2023-09-07,1162,4,0,,,,,,
brasilia,aguas_claras,2023-09-08,1163,9,0,,,,,,
brasilia,aguas_claras,2023-09-09,1164,10,0,,,,,,
brasilia,aguas_claras,2023-09-10,1165,6,0,,,,,,
brasilia,aguas_claras,2023-09-11,1166,10,0,,,,,,
brasilia,aguas_claras,2023-09-12,1167,11,0,,,,,,
brasilia,aguas_claras,2023-09-13,1168,10,0,,,,,,
brasilia,aguas_claras,2023-09-14,1169,12,0,,,,,,
brasilia,aguas_claras,2023-09-15,1170,8,0,,,,,,
brasilia,aguas_claras,2023-09-16,1171,7,0,,,,,,
brasilia,aguas_claras,2023-09-17,1172,11,0,,,,,,
brasilia,aguas_claras,2023-09-18,1173,11,0,,,,,,
brasilia,aguas_claras,2023-09-19,1174,15,0,,,,,,
brasilia,aguas_claras,2023-09-20,1175,17,0,,,,,,
brasilia,aguas_claras,2023-09-21,1176,13,0,,,,,,
brasilia,aguas_claras,2023-09-22,1177,9,0,,,,,,
brasilia,aguas_claras,2023-09-23,1178,10,0,,,,,,
brasilia,aguas_claras,2023-09-24,1179,8,0,,,,,,
brasilia,aguas_claras,2023-09-25,1180,16,0,,,,,,
brasilia,aguas_claras,2023-09-26,1181,15,0,,,,,,
brasilia,aguas_claras,2023-09-27,1182,21,0,,,,,,
brasilia,aguas_claras,2023-09-28,1183,18,0,,,,,,
brasilia,aguas_claras,2023-09-29,1184,17,0,,,,,,
brasilia,aguas_claras,2023-09-30,1185,8,0,,,,,,
brasilia,aguas_claras,2023-10-01,1186,11,0,,,,,,
brasilia,aguas_claras,2023-10-02,1187,17,0,,,,,,
brasilia,aguas_claras,2023-10-03,1188,17,0,,,,,,
brasilia,aguas_claras,2023-10-04,1189,11,0,,,,,,
brasilia,aguas_claras,2023-10-05,1190,17,0,,,,,,
brasilia,aguas_claras,2023-10-06,1191,19,0,,,,,,
brasilia,aguas_claras,2023-10-07,1192,10,0,,,,,,
brasilia,aguas_claras,2023-10-08,1193,7,0,,,,,,
brasilia,aguas_claras,2023-10-09,1194,12,0,,,,,,
brasilia,aguas_claras,2023-10-10,1195,20,0,,,,,,
brasilia,aguas_claras,2023-10-11,1196,11,0,,,,,,
brasilia,aguas_claras,2023-10-12,1197,3,0,,,,,,
brasilia,aguas_claras,2023-10-13,1198,10,0,,,,,,
brasilia,aguas_claras,2023-10-14,1199,9,0,,,,,,
brasilia,aguas_claras,2023-10-15,1200,7,0,,,,,,
brasilia,aguas_claras,2023-10-16,1201,17,0,,,,,,
brasilia,aguas_claras,2023-10-17,1202,9,0,,,,,,
brasilia,aguas_claras,2023-10-18,1203,15,0,,,,,,
brasilia,aguas_claras,2023-10-19,1204,19,0,,,,,,
brasilia,aguas_claras,2023-10-20,1205,13,0,,,,,,
brasilia,aguas_claras,2023-10-21,1206,5,0,,,,,,
brasilia,aguas_claras,2023-10-22,1207,7,0,,,,,,
brasilia,aguas_claras,2023-10-23,1208,18,0,,,,,,
brasilia,aguas_claras,2023-10-24,1209,11,0,,,,,,
brasilia,aguas_claras,2023-10-25,1210,15,0,,,,,,
brasilia,aguas_claras,2023-10-26,1211,11,0,,,,,,
brasilia,aguas_claras,2023-10-27,1212,8,0,,,,,,
brasilia,aguas_claras,2023-10-28,1213,6,0,,,,,,
brasilia,aguas_claras,2023-10-29,1214,5,0,,,,,,
brasilia,aguas_claras,2023-10-30,1215,8,0,,,,,,
brasilia,aguas_claras,2023-10-31,1216,9,0,,,,,,
brasilia,aguas_claras,2023-11-01,1217,4,0,,,,,,
brasilia,aguas_claras,2023-11-02,1218,4,0,,,,,,
brasilia,aguas_claras,2023-11-03,1219,8,0,,,,,,
brasilia,aguas_claras,2023-11-04,1220,7,0,,,,,,
brasilia,aguas_claras,2023-11-05,1221,7,0,,,,,,
brasilia,aguas_claras,2023-11-06,1222,8,0,,,,,,
brasilia,aguas_claras,2023-11-07,1223,4,0,,,,,,
brasilia,aguas_claras,2023-11-08,1224,7,0,,,,,,
brasilia,aguas_claras,2023-11-09,1225,7,0,,,,,,
brasilia,aguas_claras,2023-11-10,1226,7,0,,,,,,
brasilia,aguas_claras,2023-11-11,1227,1,0,,,,,,
brasilia,aguas_claras,2023-11-13,1229,5,0,,,,,,
brasilia,aguas_claras,2023-11-14,1230,5,0,,,,,,
brasilia,aguas_claras,2023-11-15,1231,3,0,,,,,,
brasilia,aguas_claras,2023-11-16,1232,3,0,,,,,,
brasilia,aguas_claras,2023-11-17,1233,7,0,,,,,,
brasilia,aguas_claras,2023-11-18,1234,4,0,,,,,,
brasilia,aguas_claras,2023-11-19,1235,3,0,,,,,,
brasilia,aguas_claras,2023-11-20,1236,3,0,,,,,,
brasilia,aguas_claras,2023-11-21,1237,7,0,,,,,,
brasilia,aguas_claras,2023-11-22,1238,7,0,,,,,,
brasilia,aguas_claras,2023-11-23,1239,7,0,,,,,,
brasilia,aguas_claras,2023-11-24,1240,3,0,,,,,,
brasilia,aguas_claras,2023-11-25,1241,3,0,,,,,,
brasilia,aguas_claras,2023-11-26,1242,1,0,,,,,,
brasilia,aguas_claras,2023-11-27,1243,6,0,,,,,,
brasilia,aguas_claras,2023-11-28,1244,3,0,,,,,,
brasilia,aguas_claras,2023-11-29,1245,1,0,,,,,,
brasilia,aguas_claras,2023-11-30,1246,1,0,,,,,,
brasilia,aguas_claras,2023-12-01,1247,4,0,,,,,,
brasilia,aguas_claras,2023-12-02,1248,2,0,,,,,,
brasilia,aguas_claras,2023-12-04,1250,3,0,,,,,,
brasilia,aguas_claras,2023-12-05,1251,1,0,,,,,,
brasilia,aguas_claras,2023-12-06,1252,2,0,,,,,,
brasilia,aguas_claras,2023-12-07,1253,2,0,,,,,,
brasilia,aguas_claras,2023-12-08,1254,1,0,,,,,,
brasilia,aguas_claras,2023-12-09,1255,3,0,,,,,,
brasilia,aguas_claras,2023-12-12,1258,3,0,,,,,,
brasilia,aguas_claras,2023-12-13,1259,1,0,,,,,,
brasilia,aguas_claras,2023-12-14,1260,3,0,,,,,,
brasilia,aguas_claras,2023-12-15,1261,3,0,,,,,,
brasilia,aguas_claras,2023-12-16,1262,1,0,,,,,,
brasilia,aguas_claras,2023-12-17,1263,4,0,,,,,,
brasilia,aguas_claras,2023-12-18,1264,3,0,,,,,,
brasilia,aguas_claras,2023-12-19,1265,3,0,,,,,,
brasilia,aguas_claras,2023-12-20,1266,2,0,,,,,,
brasilia,aguas_claras,2023-12-21,1267,3,0,,,,,,
brasilia,aguas_claras,2023-12-22,1268,2,0,,,,,,
brasilia,aguas_claras,2023-12-23,1269,3,0,,,,,,
brasilia,aguas_claras,2023-12-25,1271,2,0,,,,,,
brasilia,aguas_claras,2023-12-26,1272,6,0,,,,,,
brasilia,aguas_claras,2023-12-27,1273,3,0,,,,,,
brasilia,aguas_claras,2023-12-28,1274,3,0,,,,,,
brasilia,aguas_claras,2023-12-30,1276,3,0,,,,,,
brasilia,aguas_claras,2023-12-31,1277,1,0,,,,,,
brasilia,aguas_claras,2024-01-01,1278,1,0,,,,,,
brasilia,aguas_claras,2024-01-02,1279,1,0,,,,,,
brasilia,aguas_claras,2024-01-03,1280,1,0,,,,,,
brasilia,aguas_claras,2024-01-04,1281,5,0,,,,,,
brasilia,aguas_claras,2024-01-05,1282,4,0,,,,,,
brasilia,aguas_claras,2024-01-06,1283,1,0,,,,,,
brasilia,aguas_claras,2024-01-07,1284,2,0,,,,,,
brasilia,aguas_claras,2024-01-08,1285,7,0,,,,,,
brasilia,aguas_claras,2024-01-09,1286,6,0,,,,,,
brasilia,aguas_claras,2024-01-10,1287,3,0,,,,,,
brasilia,aguas_claras,2024-01-11,1288,3,0,,,,,,
brasilia,aguas_claras,2024-01-12,1289,3,0,,,,,,
brasilia,aguas_claras,2024-01-13,1290,5,0,,,,,,
brasilia,aguas_claras,2024-01-14,1291,2,0,,,,,,
brasilia,aguas_claras,2024-01-15,1292,5,0,,,,,,
brasilia,aguas_claras,2024-01-16,1293,4,0,,,,,,
brasilia,aguas_claras,2024-01-17,1294,8,0,,,,,,
brasilia,aguas_claras,2024-01-18,1295,8,0,,,,,,
brasilia,aguas_claras,2024-01-19,1296,4,0,,,,,,
brasilia,aguas_claras,2024-01-20,1297,4,0,,,,,,
brasilia,aguas_claras,2024-01-21,1298,3,0,,,,,,
brasilia,aguas_claras,2024-01-22,1299,6,0,,,,,,
brasilia,aguas_claras,2024-01-23,1300,2,0,,,,,,
brasilia,aguas_claras,2024-01-24,1301,10,0,,,,,,
brasilia,aguas_claras,2024-01-25,1302,5,0,,,,,,
brasilia,aguas_claras,2024-01-26,1303,6,0,,,,,,
brasilia,aguas_claras,2024-01-27,1304,4,0,,,,,,
brasilia,aguas_claras,2024-01-28,1305,1,0,,,,,,
brasilia,aguas_claras,2024-01-29,1306,8,0,,,,,,
brasilia,aguas_claras,2024-01-30,1307,9,0,,,,,,
brasilia,aguas_claras,2024-01-31,1308,11,0,,,,,,
brasilia,aguas_claras,2024-02-01,1309,13,0,,,,,,
brasilia,aguas_claras,2024-02-02,1310,14,0,,,,,,
brasilia,aguas_claras,2024-02-03,1311,6,0,,,,,,
brasilia,aguas_claras,2024-02-04,1312,6,0,,,,,,
brasilia,aguas_claras,2024-02-05,1313,12,0,,,,,,
brasilia,aguas_claras,2024-02-06,1314,21,0,,,,,,
brasilia,aguas_claras,2024-02-07,1315,18,0,,,,,,
brasilia,aguas_claras,2024-02-08,1316,23,0,,,,,,
brasilia,aguas_claras,2024-02-09,1317,16,0,,,,,,
brasilia,aguas_claras,2024-02-10,1318,13,0,,,,,,
brasilia,aguas_claras,2024-02-11,1319,3,0,,,,,,
brasilia,aguas_claras,2024-02-12,1320,10,0,,,,,,
brasilia,aguas_claras,2024-02-13,1321,13,0,,,,,,
brasilia,aguas_claras,2024-02-14,1322,30,0,,,,,,
brasilia,aguas_claras,2024-02-15,1323,31,0,,,,,,
brasilia,aguas_claras,2024-02-16,1324,31,0,,,,,,
brasilia,aguas_claras,2024-02-17,1325,18,0,,,,,,
brasilia,aguas_claras,2024-02-18,1326,12,0,,,,,,
